0	0	-16776961
0	1	-16776961
0	2	-16776961
0	3	-16776961
0	4	-16776961
0	5	-16776961
0	6	-6908266
0	7	-6908266
0	8	-6908266
0	9	-6908266
0	10	-6908266
0	11	-6908266
0	12	-6908266
0	13	-6908266
0	14	-6908266
0	15	-6908266
0	16	-6908266
0	17	-6908266
0	18	-6908266
0	19	-6908266
0	20	-6908266
0	21	-6908266
0	22	-6908266
0	23	-6908266
0	24	-6908266
0	25	-6908266
0	26	-6908266
0	27	-6908266
0	28	-6908266
0	29	-6908266
0	30	-6908266
0	31	-6908266
0	32	-6908266
0	33	-6908266
0	34	-6908266
0	35	-6908266
0	36	-6908266
0	37	-6908266
0	38	-6908266
0	39	-6908266
0	40	-6908266
0	41	-6908266
0	42	-6908266
0	43	-6908266
0	44	-6908266
0	45	-6908266
0	46	-6908266
0	47	-6908266
0	48	-6908266
0	49	-6908266
0	50	-6908266
0	51	-6908266
0	52	-6908266
0	53	-6908266
0	54	-6908266
0	55	-6908266
0	56	-6908266
0	57	-6908266
0	58	-6908266
0	59	-6908266
0	60	-6908266
0	61	-6908266
0	62	-6908266
0	63	-6908266
0	64	-6908266
0	65	-6908266
0	66	-6908266
0	67	-6908266
0	68	-6908266
0	69	-6908266
0	70	-6908266
0	71	-6908266
0	72	-6908266
0	73	-6908266
0	74	-6908266
0	75	-6908266
0	76	-6908266
0	77	-6908266
0	78	-6908266
0	79	-6908266
0	80	-6908266
0	81	-6908266
0	82	-6908266
0	83	-6908266
0	84	-6908266
0	85	-6908266
0	86	-6908266
0	87	-6908266
0	88	-6908266
0	89	-6908266
0	90	-6908266
0	91	-6908266
0	92	-6908266
0	93	-6908266
0	94	-6908266
0	95	-6908266
0	96	-6908266
0	97	-6908266
0	98	-6908266
0	99	-6908266
0	100	-6908266
0	101	-6908266
0	102	-6908266
0	103	-6908266
0	104	-6908266
0	105	-6908266
0	106	-6908266
0	107	-6908266
0	108	-6908266
0	109	-6908266
0	110	-6908266
0	111	-6908266
0	112	-6908266
0	113	-6908266
0	114	-6908266
0	115	-6908266
0	116	-6908266
0	117	-6908266
0	118	-6908266
0	119	-6908266
0	120	-6908266
0	121	-6908266
0	122	-6908266
0	123	-6908266
0	124	-6908266
0	125	-6908266
0	126	-6908266
0	127	-6908266
0	128	-6908266
0	129	-6908266
0	130	-6908266
0	131	-6908266
0	132	-6908266
0	133	-6908266
0	134	-6908266
0	135	-6908266
0	136	-6908266
0	137	-6908266
0	138	-6908266
0	139	-6908266
0	140	-6908266
0	141	-6908266
0	142	-6908266
0	143	-6908266
0	144	-6908266
0	145	-6908266
0	146	-6908266
0	147	-6908266
0	148	-6908266
0	149	-6908266
0	150	-6908266
0	151	-6908266
0	152	-6908266
0	153	-6908266
0	154	-6908266
0	155	-6908266
0	156	-6908266
0	157	-6908266
0	158	-6908266
0	159	-6908266
0	160	-6908266
0	161	-6908266
0	162	-6908266
0	163	-6908266
0	164	-6908266
0	165	-6908266
0	166	-6908266
0	167	-6908266
0	168	-6908266
0	169	-6908266
0	170	-6908266
0	171	-6908266
0	172	-6908266
0	173	-6908266
0	174	-6908266
0	175	-6908266
0	176	-6908266
0	177	-6908266
0	178	-6908266
0	179	-6908266
0	180	-6908266
0	181	-6908266
0	182	-6908266
0	183	-6908266
0	184	-6908266
0	185	-6908266
0	186	-6908266
0	187	-6908266
0	188	-6908266
0	189	-6908266
0	190	-6908266
0	191	-6908266
0	192	-6908266
0	193	-6908266
0	194	-6908266
0	195	-6908266
0	196	-6908266
0	197	-6908266
0	198	-6908266
0	199	-6908266
0	200	-6908266
0	201	-6908266
0	202	-6908266
0	203	-6908266
0	204	-6908266
0	205	-6908266
0	206	-6908266
0	207	-6908266
0	208	-6908266
0	209	-6908266
0	210	-6908266
0	211	-6908266
0	212	-6908266
0	213	-6908266
0	214	-6908266
0	215	-6908266
0	216	-6908266
0	217	-6908266
0	218	-6908266
0	219	-6908266
0	220	-6908266
0	221	-6908266
0	222	-6908266
0	223	-6908266
0	224	-6908266
0	225	-6908266
0	226	-6908266
0	227	-6908266
0	228	-6908266
0	229	-6908266
0	230	-6908266
0	231	-6908266
0	232	-6908266
0	233	-6908266
0	234	-6908266
0	235	-6908266
0	236	-6908266
0	237	-6908266
0	238	-6908266
0	239	-6908266
0	240	-6908266
0	241	-6908266
0	242	-6908266
0	243	-6908266
0	244	-6908266
0	245	-6908266
0	246	-6908266
0	247	-6908266
0	248	-6908266
0	249	-6908266
0	250	-6908266
0	251	-6908266
0	252	-6908266
0	253	-6908266
0	254	-6908266
0	255	-6908266
0	256	-6908266
0	257	-6908266
0	258	-6908266
0	259	-6908266
0	260	-6908266
0	261	-6908266
0	262	-6908266
0	263	-6908266
0	264	-6908266
0	265	-6908266
0	266	-6908266
0	267	-6908266
0	268	-6908266
0	269	-6908266
0	270	-6908266
0	271	-6908266
0	272	-6908266
0	273	-6908266
0	274	-6908266
0	275	-6908266
0	276	-6908266
0	277	-6908266
0	278	-6908266
0	279	-6908266
0	280	-6908266
0	281	-6908266
0	282	-6908266
0	283	-6908266
0	284	-6908266
0	285	-6908266
0	286	-6908266
0	287	-6908266
0	288	-6908266
0	289	-6908266
0	290	-6908266
0	291	-6908266
0	292	-6908266
0	293	-6908266
0	294	-6908266
0	295	-6908266
0	296	-6908266
0	297	-6908266
0	298	-6908266
0	299	-6908266
0	300	-6908266
0	301	-6908266
0	302	-6908266
0	303	-6908266
0	304	-6908266
0	305	-6908266
0	306	-6908266
0	307	-6908266
0	308	-6908266
0	309	-6908266
0	310	-6908266
0	311	-6908266
0	312	-6908266
0	313	-6908266
0	314	-6908266
0	315	-6908266
0	316	-6908266
0	317	-6908266
0	318	-6908266
0	319	-6908266
0	320	-6908266
0	321	-6908266
0	322	-6908266
0	323	-6908266
0	324	-6908266
0	325	-6908266
0	326	-6908266
0	327	-6908266
0	328	-6908266
0	329	-6908266
0	330	-6908266
0	331	-6908266
0	332	-6908266
0	333	-6908266
0	334	-6908266
0	335	-6908266
0	336	-6908266
0	337	-6908266
0	338	-6908266
0	339	-6908266
0	340	-6908266
0	341	-6908266
0	342	-6908266
0	343	-6908266
0	344	-6908266
0	345	-6908266
0	346	-6908266
0	347	-6908266
0	348	-6908266
0	349	-6908266
0	350	-6908266
0	351	-6908266
0	352	-6908266
0	353	-6908266
0	354	-6908266
0	355	-6908266
0	356	-6908266
0	357	-6908266
0	358	-6908266
0	359	-6908266
0	360	-6908266
0	361	-6908266
0	362	-6908266
0	363	-6908266
0	364	-6908266
0	365	-6908266
0	366	-6908266
0	367	-6908266
0	368	-6908266
0	369	-6908266
0	370	-6908266
0	371	-6908266
0	372	-6908266
0	373	-6908266
0	374	-6908266
0	375	-6908266
0	376	-6908266
0	377	-6908266
0	378	-6908266
0	379	-6908266
0	380	-6908266
0	381	-6908266
0	382	-6908266
0	383	-6908266
0	384	-6908266
0	385	-6908266
0	386	-6908266
0	387	-6908266
0	388	-6908266
0	389	-6908266
0	390	-6908266
0	391	-6908266
0	392	-6908266
0	393	-6908266
0	394	-6908266
0	395	-6908266
0	396	-6908266
0	397	-6908266
0	398	-6908266
0	399	-6908266
0	400	-6908266
0	401	-6908266
0	402	-6908266
0	403	-6908266
0	404	-6908266
0	405	-6908266
0	406	-6908266
0	407	-6908266
0	408	-6908266
0	409	-6908266
0	410	-6908266
0	411	-6908266
0	412	-6908266
0	413	-6908266
0	414	-6908266
0	415	-6908266
0	416	-6908266
0	417	-6908266
0	418	-6908266
0	419	-6908266
0	420	-6908266
0	421	-6908266
0	422	-6908266
0	423	-6908266
0	424	-6908266
0	425	-6908266
0	426	-6908266
0	427	-6908266
0	428	-6908266
0	429	-6908266
0	430	-6908266
0	431	-6908266
0	432	-6908266
0	433	-6908266
0	434	-6908266
0	435	-6908266
0	436	-6908266
0	437	-6908266
0	438	-6908266
0	439	-6908266
0	440	-6908266
0	441	-6908266
0	442	-6908266
0	443	-6908266
0	444	-6908266
0	445	-6908266
0	446	-6908266
0	447	-6908266
0	448	-6908266
0	449	-6908266
0	450	-6908266
0	451	-6908266
0	452	-6908266
0	453	-6908266
0	454	-6908266
0	455	-6908266
0	456	-6908266
0	457	-6908266
0	458	-6908266
0	459	-6908266
0	460	-6908266
0	461	-6908266
0	462	-6908266
0	463	-6908266
0	464	-6908266
0	465	-6908266
0	466	-6908266
0	467	-6908266
0	468	-6908266
0	469	-6908266
0	470	-6908266
0	471	-6908266
0	472	-6908266
0	473	-6908266
0	474	-6908266
0	475	-6908266
0	476	-6908266
0	477	-6908266
0	478	-6908266
0	479	-6908266
0	480	-6908266
0	481	-6908266
0	482	-6908266
0	483	-6908266
0	484	-6908266
0	485	-6908266
0	486	-6908266
0	487	-6908266
0	488	-6908266
0	489	-6908266
0	490	-6908266
0	491	-6908266
0	492	-6908266
0	493	-6908266
0	494	-6908266
0	495	-6908266
0	496	-6908266
0	497	-6908266
0	498	-6908266
0	499	-6908266
0	500	-6908266
0	501	-6908266
0	502	-6908266
0	503	-6908266
0	504	-6908266
0	505	-6908266
0	506	-6908266
0	507	-6908266
0	508	-6908266
0	509	-6908266
0	510	-6908266
0	511	-6908266
0	512	-6908266
0	513	-6908266
0	514	-6908266
0	515	-6908266
0	516	-6908266
0	517	-6908266
0	518	-6908266
0	519	-6908266
0	520	-6908266
0	521	-6908266
0	522	-6908266
0	523	-6908266
0	524	-6908266
0	525	-6908266
0	526	-6908266
0	527	-6908266
0	528	-6908266
0	529	-6908266
0	530	-6908266
0	531	-6908266
0	532	-6908266
0	533	-6908266
0	534	-6908266
0	535	-6908266
0	536	-6908266
0	537	-6908266
0	538	-6908266
0	539	-6908266
0	540	-6908266
0	541	-6908266
0	542	-6908266
0	543	-6908266
0	544	-6908266
0	545	-6908266
0	546	-6908266
0	547	-6908266
0	548	-6908266
0	549	-6908266
0	550	-6908266
0	551	-6908266
0	552	-6908266
0	553	-6908266
0	554	-6908266
0	555	-6908266
0	556	-6908266
0	557	-6908266
0	558	-6908266
0	559	-6908266
0	560	-6908266
0	561	-6908266
0	562	-6908266
0	563	-6908266
0	564	-6908266
0	565	-6908266
0	566	-6908266
0	567	-6908266
0	568	-6908266
0	569	-6908266
0	570	-6908266
0	571	-6908266
0	572	-6908266
0	573	-6908266
0	574	-6908266
0	575	-6908266
0	576	-6908266
0	577	-6908266
0	578	-6908266
0	579	-6908266
0	580	-6908266
0	581	-6908266
0	582	-6908266
0	583	-6908266
0	584	-6908266
0	585	-6908266
0	586	-6908266
0	587	-6908266
0	588	-6908266
0	589	-6908266
0	590	-6908266
0	591	-6908266
0	592	-6908266
0	593	-6908266
0	594	-6908266
0	595	-6908266
0	596	-6908266
0	597	-6908266
0	598	-6908266
0	599	-6908266
0	600	-6908266
0	601	-6908266
0	602	-6908266
0	603	-6908266
0	604	-6908266
0	605	-6908266
0	606	-6908266
0	607	-6908266
0	608	-6908266
0	609	-6908266
0	610	-6908266
0	611	-6908266
0	612	-6908266
0	613	-6908266
0	614	-6908266
0	615	-6908266
0	616	-6908266
0	617	-6908266
0	618	-6908266
0	619	-6908266
0	620	-6908266
0	621	-6908266
0	622	-6908266
0	623	-6908266
0	624	-6908266
0	625	-6908266
0	626	-6908266
0	627	-6908266
0	628	-6908266
0	629	-6908266
0	630	-6908266
0	631	-6908266
0	632	-6908266
0	633	-6908266
0	634	-6908266
0	635	-6908266
0	636	-6908266
0	637	-6908266
0	638	-6908266
0	639	-6908266
0	640	-6908266
0	641	-6908266
0	642	-6908266
0	643	-6908266
0	644	-6908266
0	645	-6908266
0	646	-6908266
0	647	-6908266
0	648	-6908266
0	649	-6908266
0	650	-6908266
0	651	-6908266
0	652	-6908266
0	653	-6908266
0	654	-6908266
0	655	-6908266
0	656	-6908266
0	657	-6908266
0	658	-6908266
0	659	-6908266
0	660	-6908266
0	661	-6908266
0	662	-6908266
0	663	-6908266
0	664	-6908266
0	665	-6908266
0	666	-6908266
0	667	-6908266
0	668	-6908266
0	669	-6908266
0	670	-6908266
0	671	-6908266
0	672	-6908266
0	673	-6908266
0	674	-6908266
0	675	-6908266
0	676	-6908266
0	677	-6908266
0	678	-6908266
0	679	-6908266
0	680	-6908266
0	681	-6908266
0	682	-6908266
0	683	-6908266
0	684	-6908266
0	685	-6908266
0	686	-6908266
0	687	-6908266
0	688	-6908266
0	689	-6908266
0	690	-6908266
0	691	-6908266
0	692	-6908266
0	693	-6908266
0	694	-6908266
0	695	-6908266
0	696	-6908266
0	697	-6908266
0	698	-6908266
0	699	-6908266
0	700	-6908266
0	701	-6908266
0	702	-6908266
0	703	-6908266
0	704	-6908266
0	705	-6908266
0	706	-6908266
0	707	-6908266
0	708	-6908266
0	709	-6908266
0	710	-6908266
0	711	-6908266
0	712	-6908266
0	713	-6908266
0	714	-6908266
0	715	-6908266
0	716	-6908266
0	717	-6908266
0	718	-6908266
0	719	-6908266
0	720	-6908266
0	721	-6908266
0	722	-6908266
0	723	-6908266
0	724	-6908266
0	725	-6908266
0	726	-6908266
0	727	-6908266
0	728	-6908266
0	729	-6908266
0	730	-6908266
0	731	-6908266
0	732	-6908266
0	733	-6908266
0	734	-6908266
0	735	-6908266
0	736	-6908266
0	737	-6908266
0	738	-6908266
0	739	-6908266
0	740	-6908266
0	741	-6908266
0	742	-6908266
0	743	-6908266
0	744	-6908266
0	745	-6908266
0	746	-6908266
0	747	-6908266
0	748	-6908266
0	749	-6908266
0	750	-6908266
0	751	-6908266
0	752	-6908266
0	753	-6908266
0	754	-6908266
0	755	-6908266
0	756	-6908266
0	757	-6908266
0	758	-6908266
0	759	-6908266
0	760	-6908266
0	761	-6908266
0	762	-6908266
0	763	-6908266
0	764	-6908266
0	765	-6908266
0	766	-6908266
0	767	-6908266
0	768	-6908266
0	769	-6908266
0	770	-6908266
0	771	-6908266
0	772	-6908266
0	773	-6908266
0	774	-6908266
0	775	-6908266
0	776	-6908266
0	777	-6908266
0	778	-6908266
0	779	-6908266
0	780	-6908266
0	781	-6908266
0	782	-6908266
0	783	-6908266
0	784	-6908266
0	785	-6908266
0	786	-6908266
0	787	-6908266
0	788	-6908266
0	789	-6908266
0	790	-6908266
0	791	-6908266
0	792	-6908266
0	793	-6908266
0	794	-6908266
0	795	-6908266
0	796	-6908266
0	797	-6908266
0	798	-6908266
0	799	-6908266
0	800	-6908266
0	801	-6908266
0	802	-6908266
0	803	-6908266
0	804	-6908266
0	805	-6908266
0	806	-6908266
0	807	-6908266
0	808	-6908266
0	809	-6908266
0	810	-6908266
0	811	-6908266
0	812	-6908266
0	813	-6908266
0	814	-6908266
0	815	-6908266
0	816	-6908266
0	817	-6908266
0	818	-6908266
0	819	-6908266
0	820	-6908266
0	821	-6908266
0	822	-6908266
0	823	-6908266
0	824	-6908266
0	825	-6908266
0	826	-6908266
0	827	-6908266
0	828	-6908266
0	829	-6908266
0	830	-6908266
0	831	-6908266
0	832	-6908266
0	833	-6908266
0	834	-6908266
0	835	-6908266
0	836	-6908266
0	837	-6908266
0	838	-6908266
0	839	-6908266
0	840	-6908266
0	841	-6908266
0	842	-6908266
0	843	-6908266
0	844	-6908266
0	845	-6908266
0	846	-6908266
0	847	-6908266
0	848	-6908266
0	849	-6908266
0	850	-6908266
0	851	-6908266
0	852	-6908266
0	853	-6908266
0	854	-6908266
0	855	-6908266
0	856	-6908266
0	857	-6908266
0	858	-6908266
0	859	-6908266
0	860	-6908266
0	861	-6908266
0	862	-6908266
0	863	-6908266
0	864	-6908266
0	865	-6908266
0	866	-6908266
0	867	-6908266
0	868	-6908266
0	869	-6908266
0	870	-6908266
0	871	-6908266
0	872	-6908266
0	873	-6908266
0	874	-6908266
0	875	-6908266
0	876	-6908266
0	877	-6908266
0	878	-6908266
0	879	-6908266
0	880	-6908266
0	881	-6908266
0	882	-6908266
0	883	-6908266
0	884	-6908266
0	885	-6908266
0	886	-6908266
0	887	-6908266
0	888	-6908266
0	889	-6908266
0	890	-6908266
0	891	-6908266
0	892	-6908266
0	893	-6908266
0	894	-6908266
0	895	-6908266
0	896	-6908266
0	897	-6908266
0	898	-6908266
0	899	-6908266
0	900	-6908266
0	901	-6908266
0	902	-6908266
0	903	-6908266
0	904	-6908266
0	905	-6908266
0	906	-6908266
0	907	-6908266
0	908	-6908266
0	909	-6908266
0	910	-6908266
0	911	-6908266
0	912	-6908266
0	913	-6908266
0	914	-6908266
0	915	-6908266
0	916	-6908266
0	917	-6908266
0	918	-6908266
0	919	-6908266
0	920	-6908266
0	921	-6908266
0	922	-6908266
0	923	-6908266
0	924	-6908266
0	925	-6908266
0	926	-6908266
0	927	-6908266
0	928	-6908266
0	929	-6908266
0	930	-6908266
0	931	-6908266
0	932	-6908266
0	933	-6908266
0	934	-6908266
0	935	-6908266
0	936	-6908266
0	937	-6908266
0	938	-6908266
0	939	-6908266
0	940	-6908266
0	941	-6908266
0	942	-6908266
0	943	-6908266
0	944	-6908266
0	945	-6908266
0	946	-6908266
0	947	-6908266
0	948	-6908266
0	949	-6908266
0	950	-6908266
0	951	-6908266
0	952	-6908266
0	953	-6908266
0	954	-6908266
0	955	-6908266
0	956	-6908266
0	957	-6908266
0	958	-6908266
0	959	-6908266
0	960	-6908266
0	961	-6908266
0	962	-6908266
0	963	-6908266
0	964	-6908266
0	965	-6908266
0	966	-6908266
0	967	-6908266
0	968	-6908266
0	969	-6908266
0	970	-6908266
0	971	-6908266
0	972	-6908266
0	973	-6908266
0	974	-6908266
0	975	-6908266
0	976	-6908266
0	977	-6908266
0	978	-6908266
0	979	-6908266
0	980	-6908266
0	981	-6908266
0	982	-6908266
0	983	-6908266
0	984	-6908266
0	985	-6908266
0	986	-6908266
0	987	-6908266
0	988	-6908266
0	989	-6908266
0	990	-6908266
0	991	-6908266
0	992	-6908266
0	993	-6908266
0	994	-6908266
0	995	-6908266
0	996	-6908266
0	997	-6908266
0	998	-6908266
0	999	-6908266
0	1000	-6908266
0	1001	-6908266
0	1002	-6908266
0	1003	-6908266
0	1004	-6908266
0	1005	-6908266
0	1006	-6908266
0	1007	-6908266
0	1008	-6908266
0	1009	-6908266
0	1010	-6908266
0	1011	-6908266
0	1012	-6908266
0	1013	-6908266
0	1014	-6908266
0	1015	-6908266
0	1016	-6908266
0	1017	-6908266
0	1018	-6908266
0	1019	-6908266
0	1020	-6908266
0	1021	-6908266
0	1022	-6908266
0	1023	-6908266
0	1024	-6908266
0	1025	-6908266
0	1026	-6908266
0	1027	-6908266
0	1028	-6908266
0	1029	-6908266
0	1030	-6908266
0	1031	-6908266
0	1032	-6908266
0	1033	-6908266
0	1034	-6908266
0	1035	-6908266
0	1036	-6908266
0	1037	-6908266
0	1038	-6908266
0	1039	-6908266
0	1040	-6908266
0	1041	-6908266
0	1042	-6908266
0	1043	-6908266
0	1044	-6908266
0	1045	-6908266
0	1046	-6908266
0	1047	-6908266
0	1048	-6908266
0	1049	-6908266
0	1050	-6908266
0	1051	-6908266
0	1052	-6908266
0	1053	-6908266
0	1054	-6908266
0	1055	-6908266
0	1056	-6908266
0	1057	-6908266
0	1058	-6908266
0	1059	-6908266
0	1060	-6908266
0	1061	-6908266
0	1062	-6908266
0	1063	-6908266
0	1064	-6908266
0	1065	-6908266
0	1066	-6908266
0	1067	-6908266
0	1068	-6908266
0	1069	-6908266
0	1070	-6908266
0	1071	-6908266
0	1072	-6908266
0	1073	-6908266
0	1074	-6908266
0	1075	-6908266
0	1076	-6908266
0	1077	-6908266
0	1078	-6908266
0	1079	-6908266
0	1080	-6908266
0	1081	-6908266
0	1082	-6908266
0	1083	-6908266
0	1084	-6908266
0	1085	-6908266
0	1086	-6908266
0	1087	-6908266
0	1088	-6908266
0	1089	-6908266
0	1090	-6908266
0	1091	-6908266
0	1092	-6908266
0	1093	-6908266
0	1094	-6908266
0	1095	-6908266
0	1096	-6908266
0	1097	-6908266
0	1098	-6908266
0	1099	-6908266
0	1100	-6908266
0	1101	-6908266
0	1102	-6908266
0	1103	-6908266
0	1104	-6908266
0	1105	-6908266
0	1106	-6908266
0	1107	-6908266
0	1108	-6908266
0	1109	-6908266
0	1110	-6908266
0	1111	-6908266
0	1112	-6908266
0	1113	-6908266
0	1114	-6908266
0	1115	-6908266
0	1116	-6908266
0	1117	-6908266
0	1118	-6908266
0	1119	-6908266
0	1120	-6908266
0	1121	-6908266
0	1122	-6908266
0	1123	-6908266
0	1124	-6908266
0	1125	-6908266
0	1126	-6908266
0	1127	-6908266
0	1128	-6908266
0	1129	-6908266
0	1130	-6908266
0	1131	-6908266
0	1132	-6908266
0	1133	-6908266
0	1134	-6908266
0	1135	-6908266
0	1136	-6908266
0	1137	-6908266
0	1138	-6908266
0	1139	-6908266
0	1140	-6908266
0	1141	-6908266
0	1142	-6908266
0	1143	-6908266
0	1144	-6908266
0	1145	-6908266
0	1146	-6908266
0	1147	-6908266
0	1148	-6908266
0	1149	-6908266
0	1150	-6908266
0	1151	-6908266
0	1152	-6908266
0	1153	-6908266
0	1154	-6908266
0	1155	-6908266
0	1156	-6908266
0	1157	-6908266
0	1158	-6908266
0	1159	-6908266
0	1160	-6908266
0	1161	-6908266
0	1162	-6908266
0	1163	-6908266
0	1164	-6908266
0	1165	-6908266
0	1166	-6908266
0	1167	-6908266
0	1168	-6908266
0	1169	-6908266
0	1170	-6908266
0	1171	-6908266
0	1172	-6908266
0	1173	-6908266
0	1174	-6908266
0	1175	-6908266
0	1176	-6908266
0	1177	-6908266
0	1178	-6908266
0	1179	-6908266
0	1180	-6908266
0	1181	-6908266
0	1182	-6908266
0	1183	-6908266
0	1184	-6908266
0	1185	-6908266
0	1186	-6908266
0	1187	-6908266
0	1188	-6908266
0	1189	-6908266
0	1190	-6908266
0	1191	-6908266
0	1192	-6908266
0	1193	-6908266
0	1194	-6908266
0	1195	-6908266
0	1196	-6908266
0	1197	-6908266
0	1198	-6908266
0	1199	-6908266
0	1200	-6908266
0	1201	-6908266
0	1202	-6908266
0	1203	-6908266
0	1204	-6908266
0	1205	-6908266
0	1206	-6908266
0	1207	-6908266
0	1208	-6908266
0	1209	-6908266
0	1210	-6908266
0	1211	-6908266
0	1212	-6908266
0	1213	-6908266
0	1214	-6908266
0	1215	-6908266
0	1216	-6908266
0	1217	-6908266
0	1218	-6908266
0	1219	-6908266
0	1220	-6908266
0	1221	-6908266
0	1222	-6908266
0	1223	-6908266
0	1224	-6908266
0	1225	-6908266
0	1226	-6908266
0	1227	-6908266
0	1228	-6908266
0	1229	-6908266
0	1230	-6908266
0	1231	-6908266
0	1232	-6908266
0	1233	-6908266
0	1234	-6908266
0	1235	-6908266
0	1236	-6908266
0	1237	-6908266
0	1238	-6908266
0	1239	-6908266
0	1240	-6908266
0	1241	-6908266
0	1242	-6908266
0	1243	-6908266
0	1244	-6908266
0	1245	-6908266
0	1246	-6908266
0	1247	-6908266
0	1248	-6908266
0	1249	-6908266
0	1250	-6908266
0	1251	-6908266
0	1252	-6908266
0	1253	-6908266
0	1254	-6908266
0	1255	-6908266
0	1256	-6908266
0	1257	-6908266
0	1258	-6908266
0	1259	-6908266
0	1260	-6908266
0	1261	-6908266
0	1262	-6908266
0	1263	-6908266
0	1264	-6908266
0	1265	-6908266
0	1266	-6908266
0	1267	-6908266
0	1268	-6908266
0	1269	-6908266
0	1270	-6908266
0	1271	-6908266
0	1272	-6908266
0	1273	-6908266
0	1274	-6908266
0	1275	-6908266
0	1276	-6908266
0	1277	-6908266
0	1278	-6908266
0	1279	-6908266
0	1280	-6908266
0	1281	-6908266
0	1282	-6908266
0	1283	-6908266
0	1284	-6908266
0	1285	-6908266
0	1286	-6908266
0	1287	-6908266
0	1288	-6908266
0	1289	-6908266
0	1290	-6908266
0	1291	-6908266
0	1292	-6908266
0	1293	-6908266
0	1294	-6908266
0	1295	-6908266
0	1296	-6908266
0	1297	-6908266
0	1298	-6908266
0	1299	-6908266
0	1300	-6908266
0	1301	-6908266
0	1302	-6908266
0	1303	-6908266
0	1304	-6908266
0	1305	-6908266
0	1306	-6908266
0	1307	-6908266
0	1308	-6908266
0	1309	-6908266
0	1310	-6908266
0	1311	-6908266
0	1312	-6908266
0	1313	-6908266
0	1314	-6908266
0	1315	-6908266
0	1316	-6908266
0	1317	-6908266
0	1318	-6908266
0	1319	-6908266
0	1320	-6908266
0	1321	-6908266
0	1322	-6908266
0	1323	-6908266
0	1324	-6908266
0	1325	-6908266
0	1326	-6908266
0	1327	-6908266
0	1328	-6908266
0	1329	-6908266
0	1330	-6908266
0	1331	-6908266
0	1332	-6908266
0	1333	-6908266
0	1334	-6908266
0	1335	-6908266
0	1336	-6908266
0	1337	-6908266
0	1338	-6908266
0	1339	-6908266
0	1340	-6908266
0	1341	-6908266
0	1342	-6908266
0	1343	-6908266
0	1344	-6908266
0	1345	-6908266
0	1346	-6908266
0	1347	-6908266
0	1348	-6908266
0	1349	-6908266
0	1350	-6908266
0	1351	-6908266
0	1352	-6908266
0	1353	-6908266
0	1354	-6908266
0	1355	-6908266
0	1356	-6908266
0	1357	-6908266
0	1358	-6908266
0	1359	-6908266
0	1360	-6908266
0	1361	-6908266
0	1362	-6908266
0	1363	-6908266
0	1364	-6908266
0	1365	-6908266
0	1366	-6908266
0	1367	-6908266
0	1368	-6908266
0	1369	-6908266
0	1370	-6908266
0	1371	-6908266
0	1372	-6908266
0	1373	-6908266
0	1374	-6908266
0	1375	-6908266
0	1376	-6908266
0	1377	-6908266
0	1378	-6908266
0	1379	-6908266
0	1380	-6908266
0	1381	-6908266
0	1382	-6908266
0	1383	-6908266
0	1384	-6908266
0	1385	-6908266
0	1386	-6908266
0	1387	-6908266
0	1388	-6908266
0	1389	-6908266
0	1390	-6908266
0	1391	-6908266
0	1392	-6908266
0	1393	-6908266
0	1394	-6908266
0	1395	-6908266
0	1396	-6908266
0	1397	-6908266
0	1398	-6908266
0	1399	-6908266
0	1400	-6908266
0	1401	-6908266
0	1402	-6908266
0	1403	-6908266
0	1404	-6908266
0	1405	-6908266
0	1406	-6908266
0	1407	-6908266
0	1408	-6908266
0	1409	-6908266
0	1410	-6908266
0	1411	-6908266
0	1412	-6908266
0	1413	-6908266
0	1414	-6908266
0	1415	-6908266
0	1416	-6908266
0	1417	-6908266
0	1418	-6908266
0	1419	-6908266
0	1420	-6908266
0	1421	-6908266
0	1422	-6908266
0	1423	-6908266
0	1424	-6908266
0	1425	-6908266
0	1426	-6908266
0	1427	-6908266
0	1428	-6908266
0	1429	-6908266
0	1430	-6908266
0	1431	-6908266
0	1432	-6908266
0	1433	-6908266
0	1434	-6908266
0	1435	-6908266
0	1436	-6908266
0	1437	-6908266
0	1438	-6908266
0	1439	-6908266
0	1440	-6908266
0	1441	-6908266
0	1442	-6908266
0	1443	-6908266
0	1444	-6908266
0	1445	-6908266
0	1446	-6908266
0	1447	-6908266
0	1448	-6908266
0	1449	-6908266
0	1450	-6908266
0	1451	-6908266
0	1452	-6908266
0	1453	-6908266
0	1454	-6908266
0	1455	-6908266
0	1456	-6908266
0	1457	-6908266
0	1458	-6908266
0	1459	-6908266
0	1460	-6908266
0	1461	-6908266
0	1462	-6908266
0	1463	-6908266
0	1464	-6908266
0	1465	-6908266
0	1466	-6908266
0	1467	-6908266
0	1468	-6908266
0	1469	-6908266
0	1470	-6908266
0	1471	-6908266
0	1472	-6908266
0	1473	-6908266
0	1474	-6908266
0	1475	-6908266
0	1476	-6908266
0	1477	-6908266
0	1478	-6908266
0	1479	-6908266
0	1480	-6908266
0	1481	-6908266
0	1482	-6908266
0	1483	-6908266
0	1484	-6908266
0	1485	-6908266
0	1486	-6908266
0	1487	-6908266
0	1488	-6908266
0	1489	-6908266
0	1490	-6908266
0	1491	-6908266
0	1492	-6908266
0	1493	-6908266
0	1494	-6908266
0	1495	-6908266
0	1496	-6908266
0	1497	-6908266
0	1498	-6908266
0	1499	-6908266
0	1500	-6908266
0	1501	-6908266
0	1502	-6908266
0	1503	-6908266
0	1504	-6908266
0	1505	-6908266
0	1506	-6908266
0	1507	-6908266
0	1508	-6908266
0	1509	-6908266
0	1510	-6908266
0	1511	-6908266
0	1512	-6908266
0	1513	-6908266
0	1514	-6908266
0	1515	-6908266
0	1516	-6908266
0	1517	-6908266
0	1518	-6908266
0	1519	-6908266
0	1520	-6908266
0	1521	-6908266
0	1522	-6908266
0	1523	-6908266
0	1524	-6908266
0	1525	-6908266
0	1526	-6908266
0	1527	-6908266
0	1528	-6908266
0	1529	-6908266
0	1530	-6908266
0	1531	-6908266
0	1532	-6908266
0	1533	-6908266
0	1534	-6908266
0	1535	-6908266
0	1536	-6908266
0	1537	-6908266
0	1538	-6908266
0	1539	-6908266
0	1540	-6908266
0	1541	-6908266
0	1542	-6908266
0	1543	-6908266
0	1544	-6908266
0	1545	-6908266
0	1546	-6908266
0	1547	-6908266
0	1548	-6908266
0	1549	-6908266
0	1550	-6908266
0	1551	-6908266
0	1552	-6908266
0	1553	-6908266
0	1554	-6908266
0	1555	-6908266
0	1556	-6908266
0	1557	-6908266
0	1558	-6908266
0	1559	-6908266
0	1560	-6908266
0	1561	-6908266
0	1562	-6908266
0	1563	-6908266
0	1564	-6908266
0	1565	-6908266
0	1566	-6908266
0	1567	-6908266
0	1568	-6908266
0	1569	-6908266
0	1570	-6908266
0	1571	-6908266
0	1572	-6908266
0	1573	-6908266
0	1574	-6908266
0	1575	-6908266
0	1576	-6908266
0	1577	-6908266
0	1578	-6908266
0	1579	-6908266
0	1580	-6908266
0	1581	-6908266
0	1582	-6908266
0	1583	-6908266
0	1584	-6908266
0	1585	-6908266
0	1586	-6908266
0	1587	-6908266
0	1588	-6908266
0	1589	-6908266
0	1590	-6908266
0	1591	-6908266
0	1592	-6908266
0	1593	-6908266
0	1594	-6908266
0	1595	-6908266
0	1596	-6908266
0	1597	-6908266
0	1598	-6908266
0	1599	-6908266
0	1600	-6908266
0	1601	-6908266
0	1602	-6908266
0	1603	-6908266
0	1604	-6908266
0	1605	-6908266
0	1606	-6908266
0	1607	-6908266
0	1608	-6908266
0	1609	-6908266
0	1610	-6908266
0	1611	-6908266
0	1612	-6908266
0	1613	-6908266
0	1614	-6908266
0	1615	-6908266
0	1616	-6908266
0	1617	-6908266
0	1618	-6908266
0	1619	-6908266
0	1620	-6908266
0	1621	-6908266
0	1622	-6908266
0	1623	-6908266
0	1624	-6908266
0	1625	-6908266
0	1626	-6908266
0	1627	-6908266
0	1628	-6908266
0	1629	-6908266
0	1630	-6908266
0	1631	-6908266
0	1632	-6908266
0	1633	-6908266
0	1634	-6908266
0	1635	-6908266
0	1636	-6908266
0	1637	-6908266
0	1638	-6908266
0	1639	-6908266
0	1640	-6908266
0	1641	-6908266
0	1642	-6908266
0	1643	-6908266
0	1644	-6908266
0	1645	-6908266
0	1646	-6908266
0	1647	-6908266
0	1648	-6908266
0	1649	-6908266
0	1650	-6908266
0	1651	-6908266
0	1652	-6908266
0	1653	-6908266
0	1654	-6908266
0	1655	-6908266
0	1656	-6908266
0	1657	-6908266
0	1658	-6908266
0	1659	-6908266
0	1660	-6908266
0	1661	-6908266
0	1662	-6908266
0	1663	-6908266
0	1664	-6908266
0	1665	-6908266
0	1666	-6908266
0	1667	-6908266
0	1668	-6908266
0	1669	-6908266
0	1670	-6908266
0	1671	-6908266
0	1672	-6908266
0	1673	-6908266
0	1674	-6908266
0	1675	-6908266
0	1676	-6908266
0	1677	-6908266
0	1678	-6908266
0	1679	-6908266
0	1680	-6908266
0	1681	-6908266
0	1682	-6908266
0	1683	-6908266
0	1684	-6908266
0	1685	-6908266
0	1686	-6908266
0	1687	-6908266
0	1688	-6908266
0	1689	-6908266
0	1690	-6908266
0	1691	-6908266
0	1692	-6908266
0	1693	-6908266
0	1694	-6908266
0	1695	-6908266
0	1696	-6908266
0	1697	-6908266
0	1698	-6908266
0	1699	-6908266
0	1700	-6908266
0	1701	-6908266
0	1702	-6908266
0	1703	-6908266
0	1704	-6908266
0	1705	-6908266
0	1706	-6908266
0	1707	-6908266
0	1708	-6908266
0	1709	-6908266
0	1710	-6908266
0	1711	-6908266
0	1712	-6908266
0	1713	-6908266
0	1714	-6908266
0	1715	-6908266
0	1716	-6908266
0	1717	-6908266
0	1718	-6908266
0	1719	-6908266
0	1720	-6908266
0	1721	-6908266
0	1722	-6908266
0	1723	-6908266
0	1724	-6908266
0	1725	-6908266
0	1726	-6908266
0	1727	-6908266
0	1728	-6908266
0	1729	-6908266
0	1730	-6908266
0	1731	-6908266
0	1732	-6908266
0	1733	-6908266
0	1734	-6908266
0	1735	-6908266
0	1736	-6908266
0	1737	-6908266
0	1738	-6908266
0	1739	-6908266
0	1740	-6908266
0	1741	-6908266
0	1742	-6908266
0	1743	-6908266
0	1744	-6908266
0	1745	-6908266
0	1746	-6908266
0	1747	-6908266
0	1748	-6908266
0	1749	-6908266
0	1750	-6908266
0	1751	-6908266
0	1752	-6908266
0	1753	-6908266
0	1754	-6908266
0	1755	-6908266
0	1756	-6908266
0	1757	-6908266
0	1758	-6908266
0	1759	-6908266
0	1760	-6908266
0	1761	-6908266
0	1762	-6908266
0	1763	-6908266
0	1764	-6908266
0	1765	-6908266
0	1766	-6908266
0	1767	-6908266
0	1768	-6908266
0	1769	-6908266
0	1770	-6908266
0	1771	-6908266
0	1772	-6908266
0	1773	-6908266
0	1774	-6908266
0	1775	-6908266
0	1776	-6908266
0	1777	-6908266
0	1778	-6908266
0	1779	-6908266
0	1780	-6908266
0	1781	-6908266
0	1782	-6908266
0	1783	-6908266
0	1784	-6908266
0	1785	-6908266
0	1786	-6908266
0	1787	-6908266
0	1788	-6908266
0	1789	-6908266
0	1790	-6908266
0	1791	-6908266
0	1792	-6908266
0	1793	-6908266
0	1794	-6908266
0	1795	-6908266
0	1796	-6908266
0	1797	-6908266
0	1798	-6908266
0	1799	-6908266
0	1800	-6908266
0	1801	-6908266
0	1802	-6908266
0	1803	-6908266
0	1804	-6908266
0	1805	-6908266
0	1806	-6908266
0	1807	-6908266
0	1808	-6908266
0	1809	-6908266
0	1810	-6908266
0	1811	-6908266
0	1812	-6908266
0	1813	-6908266
0	1814	-6908266
0	1815	-6908266
0	1816	-6908266
0	1817	-6908266
0	1818	-6908266
0	1819	-6908266
0	1820	-6908266
0	1821	-6908266
0	1822	-6908266
0	1823	-6908266
0	1824	-6908266
0	1825	-6908266
0	1826	-6908266
0	1827	-6908266
0	1828	-6908266
0	1829	-6908266
0	1830	-6908266
0	1831	-6908266
0	1832	-6908266
0	1833	-6908266
0	1834	-6908266
0	1835	-6908266
0	1836	-6908266
0	1837	-6908266
0	1838	-6908266
0	1839	-6908266
0	1840	-6908266
0	1841	-6908266
0	1842	-6908266
0	1843	-6908266
0	1844	-6908266
0	1845	-6908266
0	1846	-6908266
0	1847	-6908266
0	1848	-6908266
0	1849	-6908266
0	1850	-6908266
0	1851	-6908266
0	1852	-6908266
0	1853	-6908266
0	1854	-6908266
0	1855	-6908266
0	1856	-6908266
0	1857	-6908266
0	1858	-6908266
0	1859	-6908266
0	1860	-6908266
0	1861	-6908266
0	1862	-6908266
0	1863	-6908266
0	1864	-6908266
0	1865	-6908266
0	1866	-6908266
0	1867	-6908266
0	1868	-6908266
0	1869	-6908266
0	1870	-6908266
0	1871	-6908266
0	1872	-6908266
0	1873	-6908266
0	1874	-6908266
0	1875	-6908266
0	1876	-6908266
0	1877	-6908266
0	1878	-6908266
0	1879	-6908266
0	1880	-6908266
0	1881	-6908266
0	1882	-6908266
0	1883	-6908266
0	1884	-6908266
0	1885	-6908266
0	1886	-6908266
0	1887	-6908266
0	1888	-6908266
0	1889	-6908266
0	1890	-6908266
0	1891	-6908266
0	1892	-6908266
0	1893	-6908266
0	1894	-6908266
0	1895	-6908266
0	1896	-6908266
0	1897	-6908266
0	1898	-6908266
0	1899	-6908266
0	1900	-6908266
0	1901	-6908266
0	1902	-6908266
0	1903	-6908266
0	1904	-6908266
0	1905	-6908266
0	1906	-6908266
0	1907	-6908266
0	1908	-6908266
0	1909	-6908266
0	1910	-6908266
0	1911	-6908266
0	1912	-6908266
0	1913	-6908266
0	1914	-6908266
0	1915	-6908266
0	1916	-6908266
0	1917	-6908266
0	1918	-6908266
0	1919	-6908266
0	1920	-6908266
0	1921	-6908266
0	1922	-6908266
0	1923	-6908266
0	1924	-6908266
0	1925	-6908266
0	1926	-6908266
0	1927	-6908266
0	1928	-6908266
0	1929	-6908266
0	1930	-6908266
0	1931	-6908266
0	1932	-6908266
0	1933	-6908266
0	1934	-6908266
0	1935	-6908266
0	1936	-6908266
0	1937	-6908266
0	1938	-6908266
0	1939	-6908266
0	1940	-6908266
0	1941	-6908266
0	1942	-6908266
0	1943	-6908266
0	1944	-6908266
0	1945	-6908266
0	1946	-6908266
0	1947	-6908266
0	1948	-6908266
0	1949	-6908266
0	1950	-6908266
0	1951	-6908266
0	1952	-6908266
0	1953	-6908266
0	1954	-6908266
0	1955	-6908266
0	1956	-6908266
0	1957	-6908266
0	1958	-6908266
0	1959	-6908266
0	1960	-6908266
0	1961	-6908266
0	1962	-6908266
0	1963	-6908266
0	1964	-6908266
0	1965	-6908266
0	1966	-6908266
0	1967	-6908266
0	1968	-6908266
0	1969	-6908266
0	1970	-6908266
0	1971	-6908266
0	1972	-6908266
0	1973	-6908266
0	1974	-6908266
0	1975	-6908266
0	1976	-6908266
0	1977	-6908266
0	1978	-6908266
0	1979	-6908266
0	1980	-6908266
0	1981	-6908266
0	1982	-6908266
0	1983	-6908266
0	1984	-6908266
0	1985	-6908266
0	1986	-6908266
0	1987	-6908266
0	1988	-6908266
0	1989	-6908266
0	1990	-6908266
0	1991	-6908266
0	1992	-6908266
0	1993	-6908266
0	1994	-6908266
0	1995	-6908266
0	1996	-6908266
0	1997	-6908266
0	1998	-6908266
0	1999	-6908266
0	2000	-6908266
0	2001	-6908266
0	2002	-6908266
0	2003	-6908266
0	2004	-6908266
0	2005	-6908266
0	2006	-6908266
0	2007	-6908266
0	2008	-6908266
0	2009	-6908266
0	2010	-6908266
0	2011	-6908266
0	2012	-6908266
0	2013	-6908266
0	2014	-6908266
0	2015	-6908266
0	2016	-6908266
0	2017	-6908266
0	2018	-6908266
0	2019	-6908266
0	2020	-6908266
0	2021	-6908266
0	2022	-6908266
0	2023	-6908266
0	2024	-6908266
0	2025	-6908266
0	2026	-6908266
0	2027	-6908266
0	2028	-6908266
0	2029	-6908266
0	2030	-6908266
0	2031	-6908266
0	2032	-6908266
0	2033	-6908266
0	2034	-6908266
0	2035	-6908266
0	2036	-6908266
0	2037	-6908266
0	2038	-6908266
0	2039	-6908266
0	2040	-6908266
0	2041	-6908266
0	2042	-6908266
0	2043	-6908266
0	2044	-6908266
0	2045	-6908266
0	2046	-6908266
0	2047	-6908266
0	2048	-6908266
0	2049	-6908266
0	2050	-6908266
0	2051	-6908266
0	2052	-6908266
0	2053	-6908266
0	2054	-6908266
0	2055	-6908266
0	2056	-6908266
0	2057	-6908266
0	2058	-6908266
0	2059	-6908266
0	2060	-6908266
0	2061	-6908266
0	2062	-6908266
0	2063	-6908266
0	2064	-6908266
0	2065	-6908266
0	2066	-6908266
0	2067	-6908266
0	2068	-6908266
0	2069	-6908266
0	2070	-6908266
0	2071	-6908266
0	2072	-6908266
0	2073	-6908266
0	2074	-6908266
0	2075	-6908266
0	2076	-6908266
0	2077	-6908266
0	2078	-6908266
0	2079	-6908266
0	2080	-6908266
0	2081	-6908266
0	2082	-6908266
0	2083	-6908266
0	2084	-6908266
0	2085	-6908266
0	2086	-6908266
0	2087	-6908266
0	2088	-6908266
0	2089	-6908266
0	2090	-6908266
0	2091	-6908266
0	2092	-6908266
0	2093	-6908266
0	2094	-6908266
0	2095	-6908266
0	2096	-6908266
0	2097	-6908266
0	2098	-6908266
0	2099	-6908266
0	2100	-6908266
0	2101	-6908266
0	2102	-6908266
0	2103	-6908266
0	2104	-6908266
0	2105	-6908266
0	2106	-6908266
0	2107	-6908266
0	2108	-6908266
0	2109	-6908266
0	2110	-6908266
0	2111	-6908266
0	2112	-6908266
0	2113	-6908266
0	2114	-6908266
0	2115	-6908266
0	2116	-6908266
0	2117	-6908266
0	2118	-6908266
0	2119	-6908266
0	2120	-6908266
0	2121	-6908266
0	2122	-6908266
0	2123	-6908266
0	2124	-6908266
0	2125	-6908266
0	2126	-6908266
0	2127	-6908266
0	2128	-6908266
0	2129	-6908266
0	2130	-6908266
0	2131	-6908266
0	2132	-6908266
0	2133	-6908266
0	2134	-6908266
0	2135	-6908266
0	2136	-6908266
0	2137	-6908266
0	2138	-6908266
0	2139	-6908266
0	2140	-6908266
0	2141	-6908266
0	2142	-6908266
0	2143	-6908266
0	2144	-6908266
0	2145	-6908266
0	2146	-6908266
0	2147	-6908266
0	2148	-6908266
0	2149	-6908266
0	2150	-6908266
0	2151	-6908266
0	2152	-6908266
0	2153	-6908266
0	2154	-6908266
0	2155	-6908266
0	2156	-6908266
0	2157	-6908266
0	2158	-6908266
0	2159	-6908266
0	2160	-6908266
0	2161	-6908266
0	2162	-6908266
0	2163	-6908266
0	2164	-6908266
0	2165	-6908266
0	2166	-6908266
0	2167	-6908266
0	2168	-6908266
0	2169	-6908266
0	2170	-6908266
0	2171	-6908266
0	2172	-6908266
0	2173	-6908266
0	2174	-6908266
0	2175	-6908266
0	2176	-6908266
0	2177	-6908266
0	2178	-6908266
0	2179	-6908266
0	2180	-6908266
0	2181	-6908266
0	2182	-6908266
0	2183	-6908266
0	2184	-6908266
0	2185	-6908266
0	2186	-6908266
0	2187	-6908266
0	2188	-6908266
0	2189	-6908266
0	2190	-6908266
0	2191	-6908266
0	2192	-6908266
0	2193	-6908266
0	2194	-6908266
0	2195	-6908266
0	2196	-6908266
0	2197	-6908266
0	2198	-6908266
0	2199	-6908266
0	2200	-6908266
0	2201	-6908266
0	2202	-6908266
0	2203	-6908266
0	2204	-6908266
0	2205	-6908266
0	2206	-6908266
0	2207	-6908266
0	2208	-6908266
0	2209	-6908266
0	2210	-6908266
0	2211	-6908266
0	2212	-6908266
0	2213	-6908266
0	2214	-6908266
0	2215	-6908266
0	2216	-6908266
0	2217	-6908266
0	2218	-6908266
0	2219	-6908266
0	2220	-6908266
0	2221	-6908266
0	2222	-6908266
0	2223	-6908266
0	2224	-6908266
0	2225	-6908266
0	2226	-6908266
0	2227	-6908266
0	2228	-6908266
0	2229	-6908266
0	2230	-6908266
0	2231	-6908266
0	2232	-6908266
0	2233	-6908266
0	2234	-6908266
0	2235	-6908266
0	2236	-6908266
0	2237	-6908266
0	2238	-6908266
0	2239	-6908266
0	2240	-6908266
0	2241	-6908266
0	2242	-6908266
0	2243	-6908266
0	2244	-6908266
0	2245	-6908266
0	2246	-6908266
0	2247	-6908266
0	2248	-6908266
0	2249	-6908266
0	2250	-6908266
0	2251	-6908266
0	2252	-6908266
0	2253	-6908266
0	2254	-6908266
0	2255	-6908266
0	2256	-6908266
0	2257	-6908266
0	2258	-6908266
0	2259	-6908266
0	2260	-6908266
0	2261	-6908266
0	2262	-6908266
0	2263	-6908266
0	2264	-6908266
0	2265	-6908266
0	2266	-6908266
0	2267	-6908266
0	2268	-6908266
0	2269	-6908266
0	2270	-6908266
0	2271	-6908266
0	2272	-6908266
0	2273	-6908266
0	2274	-6908266
0	2275	-6908266
0	2276	-6908266
0	2277	-6908266
0	2278	-6908266
0	2279	-6908266
0	2280	-6908266
0	2281	-6908266
0	2282	-6908266
0	2283	-6908266
0	2284	-6908266
0	2285	-6908266
0	2286	-6908266
0	2287	-6908266
0	2288	-6908266
0	2289	-6908266
0	2290	-6908266
0	2291	-6908266
0	2292	-6908266
0	2293	-6908266
0	2294	-6908266
0	2295	-6908266
0	2296	-6908266
0	2297	-6908266
0	2298	-6908266
0	2299	-6908266
0	2300	-6908266
0	2301	-6908266
0	2302	-6908266
0	2303	-6908266
0	2304	-6908266
0	2305	-6908266
0	2306	-6908266
0	2307	-6908266
0	2308	-6908266
0	2309	-6908266
0	2310	-6908266
0	2311	-6908266
0	2312	-6908266
0	2313	-6908266
0	2314	-6908266
0	2315	-6908266
0	2316	-6908266
0	2317	-6908266
0	2318	-6908266
0	2319	-6908266
0	2320	-6908266
0	2321	-6908266
0	2322	-6908266
0	2323	-6908266
0	2324	-6908266
0	2325	-6908266
0	2326	-6908266
0	2327	-6908266
0	2328	-6908266
0	2329	-6908266
0	2330	-6908266
0	2331	-6908266
0	2332	-6908266
0	2333	-6908266
0	2334	-6908266
0	2335	-6908266
0	2336	-6908266
0	2337	-6908266
0	2338	-6908266
0	2339	-6908266
0	2340	-6908266
0	2341	-6908266
0	2342	-6908266
0	2343	-6908266
0	2344	-6908266
0	2345	-6908266
0	2346	-6908266
0	2347	-6908266
0	2348	-6908266
0	2349	-6908266
0	2350	-6908266
0	2351	-6908266
0	2352	-6908266
0	2353	-6908266
0	2354	-6908266
0	2355	-6908266
0	2356	-6908266
0	2357	-6908266
0	2358	-6908266
0	2359	-6908266
0	2360	-6908266
0	2361	-6908266
0	2362	-6908266
0	2363	-6908266
0	2364	-6908266
0	2365	-6908266
0	2366	-6908266
0	2367	-6908266
0	2368	-6908266
0	2369	-6908266
0	2370	-6908266
0	2371	-6908266
0	2372	-6908266
0	2373	-6908266
0	2374	-6908266
0	2375	-6908266
0	2376	-6908266
0	2377	-6908266
0	2378	-6908266
0	2379	-6908266
0	2380	-6908266
0	2381	-6908266
0	2382	-6908266
0	2383	-6908266
0	2384	-6908266
0	2385	-6908266
0	2386	-6908266
0	2387	-6908266
0	2388	-6908266
0	2389	-6908266
0	2390	-6908266
0	2391	-6908266
0	2392	-6908266
0	2393	-6908266
0	2394	-6908266
0	2395	-6908266
0	2396	-6908266
0	2397	-6908266
0	2398	-6908266
0	2399	-6908266
0	2400	-6908266
0	2401	-6908266
0	2402	-6908266
0	2403	-6908266
0	2404	-6908266
0	2405	-6908266
0	2406	-6908266
0	2407	-6908266
0	2408	-6908266
0	2409	-6908266
0	2410	-6908266
0	2411	-6908266
0	2412	-6908266
0	2413	-6908266
0	2414	-6908266
0	2415	-6908266
0	2416	-6908266
0	2417	-6908266
0	2418	-6908266
0	2419	-6908266
0	2420	-6908266
0	2421	-6908266
0	2422	-6908266
0	2423	-6908266
0	2424	-6908266
0	2425	-6908266
0	2426	-6908266
0	2427	-6908266
0	2428	-6908266
0	2429	-6908266
0	2430	-6908266
0	2431	-6908266
0	2432	-6908266
0	2433	-6908266
0	2434	-6908266
0	2435	-6908266
0	2436	-6908266
0	2437	-6908266
0	2438	-6908266
0	2439	-6908266
0	2440	-6908266
0	2441	-6908266
0	2442	-6908266
0	2443	-6908266
0	2444	-6908266
0	2445	-6908266
0	2446	-6908266
0	2447	-6908266
0	2448	-6908266
0	2449	-6908266
0	2450	-6908266
0	2451	-6908266
0	2452	-6908266
0	2453	-6908266
0	2454	-6908266
0	2455	-6908266
0	2456	-6908266
0	2457	-6908266
0	2458	-6908266
0	2459	-6908266
0	2460	-6908266
0	2461	-6908266
0	2462	-6908266
0	2463	-6908266
0	2464	-6908266
0	2465	-6908266
0	2466	-6908266
0	2467	-6908266
0	2468	-6908266
0	2469	-6908266
0	2470	-6908266
0	2471	-6908266
0	2472	-6908266
0	2473	-6908266
0	2474	-6908266
0	2475	-6908266
0	2476	-6908266
0	2477	-6908266
0	2478	-6908266
0	2479	-6908266
0	2480	-6908266
0	2481	-6908266
0	2482	-6908266
0	2483	-6908266
0	2484	-6908266
0	2485	-6908266
0	2486	-6908266
0	2487	-6908266
0	2488	-6908266
0	2489	-6908266
0	2490	-6908266
0	2491	-6908266
0	2492	-6908266
0	2493	-6908266
0	2494	-6908266
0	2495	-6908266
0	2496	-6908266
0	2497	-6908266
0	2498	-6908266
0	2499	-6908266
0	2500	-6908266
0	2501	-6908266
0	2502	-6908266
0	2503	-6908266
0	2504	-6908266
0	2505	-6908266
0	2506	-6908266
0	2507	-6908266
0	2508	-6908266
0	2509	-6908266
0	2510	-6908266
0	2511	-6908266
0	2512	-6908266
0	2513	-6908266
0	2514	-6908266
0	2515	-6908266
0	2516	-6908266
0	2517	-6908266
0	2518	-6908266
0	2519	-6908266
0	2520	-6908266
0	2521	-6908266
0	2522	-6908266
0	2523	-6908266
0	2524	-6908266
0	2525	-6908266
0	2526	-6908266
0	2527	-6908266
0	2528	-6908266
0	2529	-6908266
0	2530	-6908266
0	2531	-6908266
0	2532	-6908266
0	2533	-6908266
0	2534	-6908266
0	2535	-6908266
0	2536	-6908266
0	2537	-6908266
0	2538	-6908266
0	2539	-6908266
0	2540	-6908266
0	2541	-6908266
0	2542	-6908266
0	2543	-6908266
0	2544	-6908266
0	2545	-6908266
0	2546	-6908266
0	2547	-6908266
0	2548	-6908266
0	2549	-6908266
0	2550	-6908266
0	2551	-6908266
0	2552	-6908266
0	2553	-6908266
0	2554	-6908266
0	2555	-6908266
0	2556	-6908266
0	2557	-6908266
0	2558	-6908266
0	2559	-6908266
0	2560	-6908266
0	2561	-6908266
0	2562	-6908266
0	2563	-6908266
0	2564	-6908266
0	2565	-6908266
0	2566	-6908266
0	2567	-6908266
0	2568	-6908266
0	2569	-6908266
0	2570	-6908266
0	2571	-6908266
0	2572	-6908266
0	2573	-6908266
0	2574	-6908266
0	2575	-6908266
0	2576	-6908266
0	2577	-6908266
0	2578	-6908266
0	2579	-6908266
0	2580	-6908266
0	2581	-6908266
0	2582	-6908266
0	2583	-6908266
0	2584	-6908266
0	2585	-6908266
0	2586	-6908266
0	2587	-6908266
0	2588	-6908266
0	2589	-6908266
0	2590	-6908266
0	2591	-6908266
0	2592	-6908266
0	2593	-6908266
0	2594	-6908266
0	2595	-6908266
0	2596	-6908266
0	2597	-6908266
0	2598	-6908266
0	2599	-6908266
0	2600	-6908266
0	2601	-6908266
0	2602	-6908266
0	2603	-6908266
0	2604	-6908266
0	2605	-6908266
0	2606	-6908266
0	2607	-6908266
0	2608	-6908266
0	2609	-6908266
0	2610	-6908266
0	2611	-6908266
0	2612	-6908266
0	2613	-6908266
0	2614	-6908266
0	2615	-6908266
0	2616	-6908266
0	2617	-6908266
0	2618	-6908266
0	2619	-6908266
0	2620	-6908266
0	2621	-6908266
0	2622	-6908266
0	2623	-6908266
0	2624	-6908266
0	2625	-6908266
0	2626	-6908266
0	2627	-6908266
0	2628	-6908266
0	2629	-6908266
0	2630	-6908266
0	2631	-6908266
0	2632	-6908266
0	2633	-6908266
0	2634	-6908266
0	2635	-6908266
0	2636	-6908266
0	2637	-6908266
0	2638	-6908266
0	2639	-6908266
0	2640	-6908266
0	2641	-6908266
0	2642	-6908266
0	2643	-6908266
0	2644	-6908266
0	2645	-6908266
0	2646	-6908266
0	2647	-6908266
0	2648	-6908266
0	2649	-6908266
0	2650	-6908266
0	2651	-6908266
0	2652	-6908266
0	2653	-6908266
0	2654	-6908266
0	2655	-6908266
0	2656	-6908266
0	2657	-6908266
0	2658	-6908266
0	2659	-6908266
0	2660	-6908266
0	2661	-6908266
0	2662	-6908266
0	2663	-6908266
0	2664	-6908266
0	2665	-6908266
0	2666	-6908266
0	2667	-6908266
0	2668	-6908266
0	2669	-6908266
0	2670	-6908266
0	2671	-6908266
0	2672	-6908266
0	2673	-6908266
0	2674	-6908266
0	2675	-6908266
0	2676	-6908266
0	2677	-6908266
0	2678	-6908266
0	2679	-6908266
0	2680	-6908266
0	2681	-6908266
0	2682	-6908266
0	2683	-6908266
0	2684	-6908266
0	2685	-6908266
0	2686	-6908266
0	2687	-6908266
0	2688	-6908266
0	2689	-6908266
0	2690	-6908266
0	2691	-6908266
0	2692	-6908266
0	2693	-6908266
0	2694	-6908266
0	2695	-6908266
0	2696	-6908266
0	2697	-6908266
0	2698	-6908266
0	2699	-6908266
0	2700	-6908266
0	2701	-6908266
0	2702	-6908266
0	2703	-6908266
0	2704	-6908266
0	2705	-6908266
0	2706	-6908266
0	2707	-6908266
0	2708	-6908266
0	2709	-6908266
0	2710	-6908266
0	2711	-6908266
0	2712	-6908266
0	2713	-6908266
0	2714	-6908266
0	2715	-6908266
0	2716	-6908266
0	2717	-6908266
0	2718	-6908266
0	2719	-6908266
0	2720	-6908266
0	2721	-6908266
0	2722	-6908266
0	2723	-6908266
0	2724	-6908266
0	2725	-6908266
0	2726	-6908266
0	2727	-6908266
0	2728	-6908266
0	2729	-6908266
0	2730	-6908266
0	2731	-6908266
0	2732	-6908266
0	2733	-6908266
0	2734	-6908266
0	2735	-6908266
0	2736	-6908266
0	2737	-6908266
0	2738	-6908266
0	2739	-6908266
0	2740	-6908266
0	2741	-6908266
0	2742	-6908266
0	2743	-6908266
0	2744	-6908266
0	2745	-6908266
0	2746	-6908266
0	2747	-6908266
0	2748	-6908266
0	2749	-6908266
0	2750	-6908266
0	2751	-6908266
0	2752	-6908266
0	2753	-6908266
0	2754	-6908266
0	2755	-6908266
0	2756	-6908266
0	2757	-6908266
0	2758	-6908266
0	2759	-6908266
0	2760	-6908266
0	2761	-6908266
0	2762	-6908266
0	2763	-6908266
0	2764	-6908266
0	2765	-6908266
0	2766	-6908266
0	2767	-6908266
0	2768	-6908266
0	2769	-6908266
0	2770	-6908266
0	2771	-6908266
0	2772	-6908266
0	2773	-6908266
0	2774	-6908266
0	2775	-6908266
0	2776	-6908266
0	2777	-6908266
0	2778	-6908266
0	2779	-6908266
0	2780	-6908266
0	2781	-6908266
0	2782	-6908266
0	2783	-6908266
0	2784	-6908266
0	2785	-6908266
0	2786	-6908266
0	2787	-6908266
0	2788	-6908266
0	2789	-6908266
0	2790	-6908266
0	2791	-6908266
0	2792	-6908266
0	2793	-6908266
0	2794	-6908266
0	2795	-6908266
0	2796	-6908266
0	2797	-6908266
0	2798	-6908266
0	2799	-6908266
0	2800	-6908266
0	2801	-6908266
0	2802	-6908266
0	2803	-6908266
0	2804	-6908266
0	2805	-6908266
0	2806	-6908266
0	2807	-6908266
0	2808	-6908266
0	2809	-6908266
0	2810	-6908266
0	2811	-6908266
0	2812	-6908266
0	2813	-6908266
0	2814	-6908266
0	2815	-6908266
0	2816	-6908266
0	2817	-6908266
0	2818	-6908266
0	2819	-6908266
0	2820	-6908266
0	2821	-6908266
0	2822	-6908266
0	2823	-6908266
0	2824	-6908266
0	2825	-6908266
0	2826	-6908266
0	2827	-6908266
0	2828	-6908266
0	2829	-6908266
0	2830	-6908266
0	2831	-6908266
0	2832	-6908266
0	2833	-6908266
0	2834	-6908266
0	2835	-6908266
0	2836	-6908266
0	2837	-6908266
0	2838	-6908266
0	2839	-6908266
0	2840	-6908266
0	2841	-6908266
0	2842	-6908266
0	2843	-6908266
0	2844	-6908266
0	2845	-6908266
0	2846	-6908266
0	2847	-6908266
0	2848	-6908266
0	2849	-6908266
0	2850	-6908266
0	2851	-6908266
0	2852	-6908266
0	2853	-6908266
0	2854	-6908266
0	2855	-6908266
0	2856	-6908266
0	2857	-6908266
0	2858	-6908266
0	2859	-6908266
0	2860	-6908266
0	2861	-6908266
0	2862	-6908266
0	2863	-6908266
0	2864	-6908266
0	2865	-6908266
0	2866	-6908266
0	2867	-6908266
0	2868	-6908266
0	2869	-6908266
0	2870	-6908266
0	2871	-6908266
0	2872	-6908266
0	2873	-6908266
0	2874	-6908266
0	2875	-6908266
0	2876	-6908266
0	2877	-6908266
0	2878	-6908266
0	2879	-6908266
0	2880	-6908266
0	2881	-6908266
0	2882	-6908266
0	2883	-6908266
0	2884	-6908266
0	2885	-6908266
0	2886	-6908266
0	2887	-6908266
0	2888	-6908266
0	2889	-6908266
0	2890	-6908266
0	2891	-6908266
0	2892	-6908266
0	2893	-6908266
0	2894	-6908266
0	2895	-6908266
0	2896	-6908266
0	2897	-6908266
0	2898	-6908266
0	2899	-6908266
0	2900	-6908266
0	2901	-6908266
0	2902	-6908266
0	2903	-6908266
0	2904	-6908266
0	2905	-6908266
0	2906	-6908266
0	2907	-6908266
0	2908	-6908266
0	2909	-6908266
0	2910	-6908266
0	2911	-6908266
0	2912	-6908266
0	2913	-6908266
0	2914	-6908266
0	2915	-6908266
0	2916	-6908266
0	2917	-6908266
0	2918	-6908266
0	2919	-6908266
0	2920	-6908266
0	2921	-6908266
0	2922	-6908266
0	2923	-6908266
0	2924	-6908266
0	2925	-6908266
0	2926	-6908266
0	2927	-6908266
0	2928	-6908266
0	2929	-6908266
0	2930	-6908266
0	2931	-6908266
0	2932	-6908266
0	2933	-6908266
0	2934	-6908266
0	2935	-6908266
0	2936	-6908266
0	2937	-6908266
0	2938	-6908266
0	2939	-6908266
0	2940	-6908266
0	2941	-6908266
0	2942	-6908266
0	2943	-6908266
0	2944	-6908266
0	2945	-6908266
0	2946	-6908266
0	2947	-6908266
0	2948	-6908266
0	2949	-6908266
0	2950	-6908266
0	2951	-6908266
0	2952	-6908266
0	2953	-6908266
0	2954	-6908266
0	2955	-6908266
0	2956	-6908266
0	2957	-6908266
0	2958	-6908266
0	2959	-6908266
0	2960	-6908266
0	2961	-6908266
0	2962	-6908266
0	2963	-6908266
0	2964	-6908266
0	2965	-6908266
0	2966	-6908266
0	2967	-6908266
0	2968	-6908266
0	2969	-6908266
0	2970	-6908266
0	2971	-6908266
0	2972	-6908266
0	2973	-6908266
0	2974	-6908266
0	2975	-6908266
0	2976	-6908266
0	2977	-6908266
0	2978	-6908266
0	2979	-6908266
0	2980	-6908266
0	2981	-6908266
0	2982	-6908266
0	2983	-6908266
0	2984	-6908266
0	2985	-6908266
0	2986	-6908266
0	2987	-6908266
0	2988	-6908266
0	2989	-6908266
0	2990	-6908266
0	2991	-6908266
0	2992	-6908266
0	2993	-6908266
0	2994	-6908266
0	2995	-6908266
0	2996	-6908266
0	2997	-6908266
0	2998	-6908266
0	2999	-6908266
0	3000	-6908266
0	3001	-6908266
0	3002	-6908266
0	3003	-6908266
0	3004	-6908266
0	3005	-6908266
0	3006	-6908266
0	3007	-6908266
0	3008	-6908266
0	3009	-6908266
0	3010	-6908266
0	3011	-6908266
0	3012	-6908266
0	3013	-6908266
0	3014	-6908266
0	3015	-6908266
0	3016	-6908266
0	3017	-6908266
0	3018	-6908266
0	3019	-6908266
0	3020	-6908266
0	3021	-6908266
0	3022	-6908266
0	3023	-6908266
0	3024	-6908266
0	3025	-6908266
0	3026	-6908266
0	3027	-6908266
0	3028	-6908266
0	3029	-6908266
0	3030	-6908266
0	3031	-6908266
0	3032	-6908266
0	3033	-6908266
0	3034	-6908266
0	3035	-6908266
0	3036	-6908266
0	3037	-6908266
0	3038	-6908266
0	3039	-6908266
0	3040	-6908266
0	3041	-6908266
0	3042	-6908266
0	3043	-6908266
0	3044	-6908266
0	3045	-6908266
0	3046	-6908266
0	3047	-6908266
0	3048	-6908266
0	3049	-6908266
0	3050	-6908266
0	3051	-6908266
0	3052	-6908266
0	3053	-6908266
0	3054	-6908266
0	3055	-6908266
0	3056	-6908266
0	3057	-6908266
0	3058	-6908266
0	3059	-6908266
0	3060	-6908266
0	3061	-6908266
0	3062	-6908266
0	3063	-6908266
0	3064	-6908266
0	3065	-6908266
0	3066	-6908266
0	3067	-6908266
0	3068	-6908266
0	3069	-6908266
0	3070	-6908266
0	3071	-6908266
0	3072	-6908266
0	3073	-6908266
0	3074	-6908266
0	3075	-6908266
0	3076	-6908266
0	3077	-6908266
0	3078	-6908266
0	3079	-6908266
0	3080	-6908266
0	3081	-6908266
0	3082	-6908266
0	3083	-6908266
0	3084	-6908266
0	3085	-6908266
0	3086	-6908266
0	3087	-6908266
0	3088	-6908266
0	3089	-6908266
0	3090	-6908266
0	3091	-6908266
0	3092	-6908266
0	3093	-6908266
0	3094	-6908266
0	3095	-6908266
0	3096	-6908266
0	3097	-6908266
0	3098	-6908266
0	3099	-6908266
0	3100	-6908266
0	3101	-6908266
0	3102	-6908266
0	3103	-6908266
0	3104	-6908266
0	3105	-6908266
0	3106	-6908266
0	3107	-6908266
0	3108	-6908266
0	3109	-6908266
0	3110	-6908266
0	3111	-6908266
0	3112	-6908266
0	3113	-6908266
0	3114	-6908266
0	3115	-6908266
0	3116	-6908266
0	3117	-6908266
0	3118	-6908266
0	3119	-6908266
0	3120	-6908266
0	3121	-6908266
0	3122	-6908266
0	3123	-6908266
0	3124	-6908266
0	3125	-6908266
0	3126	-6908266
0	3127	-6908266
0	3128	-6908266
0	3129	-6908266
0	3130	-6908266
0	3131	-6908266
0	3132	-6908266
0	3133	-6908266
0	3134	-6908266
0	3135	-6908266
0	3136	-6908266
0	3137	-6908266
0	3138	-6908266
0	3139	-6908266
0	3140	-6908266
0	3141	-6908266
0	3142	-6908266
0	3143	-6908266
0	3144	-6908266
0	3145	-6908266
0	3146	-6908266
0	3147	-6908266
0	3148	-6908266
0	3149	-6908266
0	3150	-6908266
0	3151	-6908266
0	3152	-6908266
0	3153	-6908266
0	3154	-6908266
0	3155	-6908266
0	3156	-6908266
0	3157	-6908266
0	3158	-6908266
0	3159	-6908266
0	3160	-6908266
0	3161	-6908266
0	3162	-6908266
0	3163	-6908266
0	3164	-6908266
0	3165	-6908266
0	3166	-6908266
0	3167	-6908266
0	3168	-6908266
0	3169	-6908266
0	3170	-6908266
0	3171	-6908266
0	3172	-6908266
0	3173	-6908266
0	3174	-6908266
0	3175	-6908266
0	3176	-6908266
0	3177	-6908266
0	3178	-6908266
0	3179	-6908266
0	3180	-6908266
0	3181	-6908266
0	3182	-6908266
0	3183	-6908266
0	3184	-6908266
0	3185	-6908266
0	3186	-6908266
0	3187	-6908266
0	3188	-6908266
0	3189	-6908266
0	3190	-6908266
0	3191	-6908266
0	3192	-6908266
0	3193	-6908266
0	3194	-6908266
0	3195	-6908266
0	3196	-6908266
0	3197	-6908266
0	3198	-6908266
0	3199	-6908266
0	3200	-6908266
0	3201	-6908266
0	3202	-6908266
0	3203	-6908266
0	3204	-6908266
0	3205	-6908266
0	3206	-6908266
0	3207	-6908266
0	3208	-6908266
0	3209	-6908266
0	3210	-6908266
0	3211	-6908266
0	3212	-6908266
0	3213	-6908266
0	3214	-6908266
0	3215	-6908266
0	3216	-6908266
0	3217	-6908266
0	3218	-6908266
0	3219	-6908266
0	3220	-6908266
0	3221	-6908266
0	3222	-6908266
0	3223	-6908266
0	3224	-6908266
0	3225	-6908266
0	3226	-6908266
0	3227	-6908266
0	3228	-6908266
0	3229	-6908266
0	3230	-6908266
0	3231	-6908266
0	3232	-6908266
0	3233	-6908266
0	3234	-6908266
0	3235	-6908266
0	3236	-6908266
0	3237	-6908266
0	3238	-6908266
0	3239	-6908266
0	3240	-6908266
0	3241	-6908266
0	3242	-6908266
0	3243	-6908266
0	3244	-6908266
0	3245	-6908266
0	3246	-6908266
0	3247	-6908266
0	3248	-6908266
0	3249	-6908266
0	3250	-6908266
0	3251	-6908266
0	3252	-6908266
0	3253	-6908266
0	3254	-6908266
0	3255	-6908266
0	3256	-6908266
0	3257	-6908266
0	3258	-6908266
0	3259	-6908266
0	3260	-6908266
0	3261	-6908266
0	3262	-6908266
0	3263	-6908266
0	3264	-6908266
0	3265	-6908266
0	3266	-6908266
0	3267	-6908266
0	3268	-6908266
0	3269	-6908266
0	3270	-6908266
0	3271	-6908266
0	3272	-6908266
0	3273	-6908266
0	3274	-6908266
0	3275	-6908266
0	3276	-6908266
0	3277	-6908266
0	3278	-6908266
0	3279	-6908266
0	3280	-6908266
0	3281	-6908266
0	3282	-6908266
0	3283	-6908266
0	3284	-6908266
0	3285	-6908266
0	3286	-6908266
0	3287	-6908266
0	3288	-6908266
0	3289	-6908266
0	3290	-6908266
0	3291	-6908266
0	3292	-6908266
0	3293	-6908266
0	3294	-6908266
0	3295	-6908266
0	3296	-6908266
0	3297	-6908266
0	3298	-6908266
0	3299	-6908266
0	3300	-6908266
0	3301	-6908266
0	3302	-6908266
0	3303	-6908266
0	3304	-6908266
0	3305	-6908266
0	3306	-6908266
0	3307	-6908266
0	3308	-6908266
0	3309	-6908266
0	3310	-6908266
0	3311	-6908266
0	3312	-6908266
0	3313	-6908266
0	3314	-6908266
0	3315	-6908266
0	3316	-6908266
0	3317	-6908266
0	3318	-6908266
0	3319	-6908266
0	3320	-6908266
0	3321	-6908266
0	3322	-6908266
0	3323	-6908266
0	3324	-6908266
0	3325	-6908266
0	3326	-6908266
0	3327	-6908266
0	3328	-6908266
0	3329	-6908266
0	3330	-6908266
0	3331	-6908266
0	3332	-6908266
0	3333	-6908266
0	3334	-6908266
0	3335	-6908266
0	3336	-6908266
0	3337	-6908266
0	3338	-6908266
0	3339	-6908266
0	3340	-6908266
0	3341	-6908266
0	3342	-6908266
0	3343	-6908266
0	3344	-6908266
0	3345	-6908266
0	3346	-6908266
0	3347	-6908266
0	3348	-6908266
0	3349	-6908266
0	3350	-6908266
0	3351	-6908266
0	3352	-6908266
0	3353	-6908266
0	3354	-6908266
0	3355	-6908266
0	3356	-6908266
0	3357	-6908266
0	3358	-6908266
0	3359	-6908266
0	3360	-6908266
0	3361	-6908266
0	3362	-6908266
0	3363	-6908266
0	3364	-6908266
0	3365	-6908266
0	3366	-6908266
0	3367	-6908266
0	3368	-6908266
0	3369	-6908266
0	3370	-6908266
0	3371	-6908266
0	3372	-6908266
0	3373	-6908266
0	3374	-6908266
0	3375	-6908266
0	3376	-6908266
0	3377	-6908266
0	3378	-6908266
0	3379	-6908266
0	3380	-6908266
0	3381	-6908266
0	3382	-6908266
0	3383	-6908266
0	3384	-6908266
0	3385	-6908266
0	3386	-6908266
0	3387	-6908266
0	3388	-6908266
0	3389	-6908266
0	3390	-6908266
0	3391	-6908266
0	3392	-6908266
0	3393	-6908266
0	3394	-6908266
0	3395	-6908266
0	3396	-6908266
0	3397	-6908266
0	3398	-6908266
0	3399	-6908266
0	3400	-6908266
0	3401	-6908266
0	3402	-6908266
0	3403	-6908266
0	3404	-6908266
0	3405	-6908266
0	3406	-6908266
0	3407	-6908266
0	3408	-6908266
0	3409	-6908266
0	3410	-6908266
0	3411	-6908266
0	3412	-6908266
0	3413	-6908266
0	3414	-6908266
0	3415	-6908266
0	3416	-6908266
0	3417	-6908266
0	3418	-6908266
0	3419	-6908266
0	3420	-6908266
0	3421	-6908266
0	3422	-6908266
0	3423	-6908266
0	3424	-6908266
0	3425	-6908266
0	3426	-6908266
0	3427	-6908266
0	3428	-6908266
0	3429	-6908266
0	3430	-6908266
0	3431	-6908266
0	3432	-6908266
0	3433	-6908266
0	3434	-6908266
0	3435	-6908266
0	3436	-6908266
0	3437	-6908266
0	3438	-6908266
0	3439	-6908266
0	3440	-6908266
0	3441	-6908266
0	3442	-6908266
0	3443	-6908266
0	3444	-6908266
0	3445	-6908266
0	3446	-6908266
0	3447	-6908266
0	3448	-6908266
0	3449	-6908266
0	3450	-6908266
0	3451	-6908266
0	3452	-6908266
0	3453	-6908266
0	3454	-6908266
0	3455	-6908266
0	3456	-6908266
0	3457	-6908266
0	3458	-6908266
0	3459	-6908266
0	3460	-6908266
0	3461	-6908266
0	3462	-6908266
0	3463	-6908266
0	3464	-6908266
0	3465	-6908266
0	3466	-6908266
0	3467	-6908266
0	3468	-6908266
0	3469	-6908266
0	3470	-6908266
0	3471	-6908266
0	3472	-6908266
0	3473	-6908266
0	3474	-6908266
0	3475	-6908266
0	3476	-6908266
0	3477	-6908266
0	3478	-6908266
0	3479	-6908266
0	3480	-6908266
0	3481	-6908266
0	3482	-6908266
0	3483	-6908266
0	3484	-6908266
0	3485	-6908266
0	3486	-6908266
0	3487	-6908266
0	3488	-6908266
0	3489	-6908266
0	3490	-6908266
0	3491	-6908266
0	3492	-6908266
0	3493	-6908266
0	3494	-6908266
0	3495	-6908266
0	3496	-6908266
0	3497	-6908266
0	3498	-6908266
0	3499	-6908266
0	3500	-6908266
0	3501	-6908266
0	3502	-6908266
0	3503	-6908266
0	3504	-6908266
0	3505	-6908266
0	3506	-6908266
0	3507	-6908266
0	3508	-6908266
0	3509	-6908266
0	3510	-6908266
0	3511	-6908266
0	3512	-6908266
0	3513	-6908266
0	3514	-6908266
0	3515	-6908266
0	3516	-6908266
0	3517	-6908266
0	3518	-6908266
0	3519	-6908266
0	3520	-6908266
0	3521	-6908266
0	3522	-6908266
0	3523	-6908266
0	3524	-6908266
0	3525	-6908266
0	3526	-6908266
0	3527	-6908266
0	3528	-6908266
0	3529	-6908266
0	3530	-6908266
0	3531	-6908266
0	3532	-6908266
0	3533	-6908266
0	3534	-6908266
0	3535	-6908266
0	3536	-6908266
0	3537	-6908266
0	3538	-6908266
0	3539	-6908266
0	3540	-6908266
0	3541	-6908266
0	3542	-6908266
0	3543	-6908266
0	3544	-6908266
0	3545	-6908266
0	3546	-6908266
0	3547	-6908266
0	3548	-6908266
0	3549	-6908266
0	3550	-6908266
0	3551	-6908266
0	3552	-6908266
0	3553	-6908266
0	3554	-6908266
0	3555	-6908266
0	3556	-6908266
0	3557	-6908266
0	3558	-6908266
0	3559	-6908266
0	3560	-6908266
0	3561	-6908266
0	3562	-6908266
0	3563	-6908266
0	3564	-6908266
0	3565	-6908266
0	3566	-6908266
0	3567	-6908266
0	3568	-6908266
0	3569	-6908266
0	3570	-6908266
0	3571	-6908266
0	3572	-6908266
0	3573	-6908266
0	3574	-6908266
0	3575	-6908266
0	3576	-6908266
0	3577	-6908266
0	3578	-6908266
0	3579	-6908266
0	3580	-6908266
0	3581	-6908266
0	3582	-6908266
0	3583	-6908266
0	3584	-6908266
0	3585	-6908266
0	3586	-6908266
0	3587	-6908266
0	3588	-6908266
0	3589	-6908266
0	3590	-6908266
0	3591	-6908266
0	3592	-6908266
0	3593	-6908266
0	3594	-6908266
0	3595	-6908266
0	3596	-6908266
0	3597	-6908266
0	3598	-6908266
0	3599	-6908266
0	3600	-6908266
0	3601	-6908266
0	3602	-6908266
0	3603	-6908266
0	3604	-6908266
0	3605	-6908266
0	3606	-6908266
0	3607	-6908266
0	3608	-6908266
0	3609	-6908266
0	3610	-6908266
0	3611	-6908266
0	3612	-6908266
0	3613	-6908266
0	3614	-6908266
0	3615	-6908266
0	3616	-6908266
0	3617	-6908266
0	3618	-6908266
0	3619	-6908266
0	3620	-6908266
0	3621	-6908266
0	3622	-6908266
0	3623	-6908266
0	3624	-6908266
0	3625	-6908266
0	3626	-6908266
0	3627	-6908266
0	3628	-6908266
0	3629	-6908266
0	3630	-6908266
0	3631	-6908266
0	3632	-6908266
0	3633	-6908266
0	3634	-6908266
0	3635	-6908266
0	3636	-6908266
0	3637	-6908266
0	3638	-6908266
0	3639	-6908266
0	3640	-6908266
0	3641	-6908266
0	3642	-6908266
0	3643	-6908266
0	3644	-6908266
0	3645	-6908266
0	3646	-6908266
0	3647	-6908266
0	3648	-6908266
0	3649	-6908266
0	3650	-6908266
0	3651	-6908266
0	3652	-6908266
0	3653	-6908266
0	3654	-6908266
0	3655	-6908266
0	3656	-6908266
0	3657	-6908266
0	3658	-6908266
0	3659	-6908266
0	3660	-6908266
0	3661	-6908266
0	3662	-6908266
0	3663	-6908266
0	3664	-6908266
0	3665	-6908266
0	3666	-6908266
0	3667	-6908266
0	3668	-6908266
0	3669	-6908266
0	3670	-6908266
0	3671	-6908266
0	3672	-6908266
0	3673	-6908266
0	3674	-6908266
0	3675	-6908266
0	3676	-6908266
0	3677	-6908266
0	3678	-6908266
0	3679	-6908266
0	3680	-6908266
0	3681	-6908266
0	3682	-6908266
0	3683	-6908266
0	3684	-6908266
0	3685	-6908266
0	3686	-6908266
0	3687	-6908266
0	3688	-6908266
0	3689	-6908266
0	3690	-6908266
0	3691	-6908266
0	3692	-6908266
0	3693	-6908266
0	3694	-6908266
0	3695	-6908266
0	3696	-6908266
0	3697	-6908266
0	3698	-6908266
0	3699	-6908266
0	3700	-6908266
0	3701	-6908266
0	3702	-6908266
0	3703	-6908266
0	3704	-6908266
0	3705	-6908266
0	3706	-6908266
0	3707	-6908266
0	3708	-6908266
0	3709	-6908266
0	3710	-6908266
0	3711	-6908266
0	3712	-6908266
0	3713	-6908266
0	3714	-6908266
0	3715	-6908266
0	3716	-6908266
0	3717	-6908266
0	3718	-6908266
0	3719	-6908266
0	3720	-6908266
0	3721	-6908266
0	3722	-6908266
0	3723	-6908266
0	3724	-6908266
0	3725	-6908266
0	3726	-6908266
0	3727	-6908266
0	3728	-6908266
0	3729	-6908266
0	3730	-6908266
0	3731	-6908266
0	3732	-6908266
0	3733	-6908266
0	3734	-6908266
0	3735	-6908266
0	3736	-6908266
0	3737	-6908266
0	3738	-6908266
0	3739	-6908266
0	3740	-6908266
0	3741	-6908266
0	3742	-6908266
0	3743	-6908266
0	3744	-6908266
0	3745	-6908266
0	3746	-6908266
0	3747	-6908266
0	3748	-6908266
0	3749	-6908266
0	3750	-6908266
0	3751	-6908266
0	3752	-6908266
0	3753	-6908266
0	3754	-6908266
0	3755	-6908266
0	3756	-6908266
0	3757	-6908266
0	3758	-6908266
0	3759	-6908266
0	3760	-6908266
0	3761	-6908266
0	3762	-6908266
0	3763	-6908266
0	3764	-6908266
0	3765	-6908266
0	3766	-6908266
0	3767	-6908266
0	3768	-6908266
0	3769	-6908266
0	3770	-6908266
0	3771	-6908266
0	3772	-6908266
0	3773	-6908266
0	3774	-6908266
0	3775	-6908266
0	3776	-6908266
0	3777	-6908266
0	3778	-6908266
0	3779	-6908266
0	3780	-6908266
0	3781	-6908266
0	3782	-6908266
0	3783	-6908266
0	3784	-6908266
0	3785	-6908266
0	3786	-6908266
0	3787	-6908266
0	3788	-6908266
0	3789	-6908266
0	3790	-6908266
0	3791	-6908266
0	3792	-6908266
0	3793	-6908266
0	3794	-6908266
0	3795	-6908266
0	3796	-6908266
0	3797	-6908266
0	3798	-6908266
0	3799	-6908266
0	3800	-6908266
0	3801	-6908266
0	3802	-6908266
0	3803	-6908266
0	3804	-6908266
0	3805	-6908266
0	3806	-6908266
0	3807	-6908266
0	3808	-6908266
0	3809	-6908266
0	3810	-6908266
0	3811	-6908266
0	3812	-6908266
0	3813	-6908266
0	3814	-6908266
0	3815	-6908266
0	3816	-6908266
0	3817	-6908266
0	3818	-6908266
0	3819	-6908266
0	3820	-6908266
0	3821	-6908266
0	3822	-6908266
0	3823	-6908266
0	3824	-6908266
0	3825	-6908266
0	3826	-6908266
0	3827	-6908266
0	3828	-6908266
0	3829	-6908266
0	3830	-6908266
0	3831	-6908266
0	3832	-6908266
0	3833	-6908266
0	3834	-6908266
0	3835	-6908266
0	3836	-6908266
0	3837	-6908266
0	3838	-6908266
0	3839	-6908266
0	3840	-6908266
0	3841	-6908266
0	3842	-6908266
0	3843	-6908266
0	3844	-6908266
0	3845	-6908266
0	3846	-6908266
0	3847	-6908266
0	3848	-6908266
0	3849	-6908266
0	3850	-6908266
0	3851	-6908266
0	3852	-6908266
0	3853	-6908266
0	3854	-6908266
0	3855	-6908266
0	3856	-6908266
0	3857	-6908266
0	3858	-6908266
0	3859	-6908266
0	3860	-6908266
0	3861	-6908266
0	3862	-6908266
0	3863	-6908266
0	3864	-6908266
0	3865	-6908266
0	3866	-6908266
0	3867	-6908266
0	3868	-6908266
0	3869	-6908266
0	3870	-6908266
0	3871	-6908266
0	3872	-6908266
0	3873	-6908266
0	3874	-6908266
0	3875	-6908266
0	3876	-6908266
0	3877	-6908266
0	3878	-6908266
0	3879	-6908266
0	3880	-6908266
0	3881	-6908266
0	3882	-6908266
0	3883	-6908266
0	3884	-6908266
0	3885	-6908266
0	3886	-6908266
0	3887	-6908266
0	3888	-6908266
0	3889	-6908266
0	3890	-6908266
0	3891	-6908266
0	3892	-6908266
0	3893	-6908266
0	3894	-6908266
0	3895	-6908266
0	3896	-6908266
0	3897	-6908266
0	3898	-6908266
0	3899	-6908266
0	3900	-6908266
0	3901	-6908266
0	3902	-6908266
0	3903	-6908266
0	3904	-6908266
0	3905	-6908266
0	3906	-6908266
0	3907	-6908266
0	3908	-6908266
0	3909	-6908266
0	3910	-6908266
0	3911	-6908266
0	3912	-6908266
0	3913	-6908266
0	3914	-6908266
0	3915	-6908266
0	3916	-6908266
0	3917	-6908266
0	3918	-6908266
0	3919	-6908266
0	3920	-6908266
0	3921	-6908266
0	3922	-6908266
0	3923	-6908266
0	3924	-6908266
0	3925	-6908266
0	3926	-6908266
0	3927	-6908266
0	3928	-6908266
0	3929	-6908266
0	3930	-6908266
0	3931	-6908266
0	3932	-6908266
0	3933	-6908266
0	3934	-6908266
0	3935	-6908266
0	3936	-6908266
0	3937	-6908266
0	3938	-6908266
0	3939	-6908266
0	3940	-6908266
0	3941	-6908266
0	3942	-6908266
0	3943	-6908266
0	3944	-6908266
0	3945	-6908266
0	3946	-6908266
0	3947	-6908266
0	3948	-6908266
0	3949	-6908266
0	3950	-6908266
0	3951	-6908266
0	3952	-6908266
0	3953	-6908266
0	3954	-6908266
0	3955	-6908266
0	3956	-6908266
0	3957	-6908266
0	3958	-6908266
0	3959	-6908266
0	3960	-6908266
0	3961	-6908266
0	3962	-6908266
0	3963	-6908266
0	3964	-6908266
0	3965	-6908266
0	3966	-6908266
0	3967	-6908266
0	3968	-6908266
0	3969	-6908266
0	3970	-6908266
0	3971	-6908266
0	3972	-6908266
0	3973	-6908266
0	3974	-6908266
0	3975	-6908266
0	3976	-6908266
0	3977	-6908266
0	3978	-6908266
0	3979	-6908266
0	3980	-6908266
0	3981	-6908266
0	3982	-6908266
0	3983	-6908266
0	3984	-6908266
0	3985	-6908266
0	3986	-6908266
0	3987	-6908266
0	3988	-6908266
0	3989	-6908266
0	3990	-6908266
0	3991	-6908266
0	3992	-6908266
0	3993	-6908266
0	3994	-6908266
0	3995	-6908266
0	3996	-6908266
0	3997	-6908266
0	3998	-6908266
0	3999	-6908266
0	4000	-6908266
0	4001	-6908266
0	4002	-6908266
0	4003	-6908266
0	4004	-6908266
0	4005	-6908266
0	4006	-6908266
0	4007	-6908266
0	4008	-6908266
0	4009	-6908266
0	4010	-6908266
0	4011	-6908266
0	4012	-6908266
0	4013	-6908266
0	4014	-6908266
0	4015	-6908266
0	4016	-6908266
0	4017	-6908266
0	4018	-6908266
0	4019	-6908266
0	4020	-6908266
0	4021	-6908266
0	4022	-6908266
0	4023	-6908266
0	4024	-6908266
0	4025	-6908266
0	4026	-6908266
0	4027	-6908266
0	4028	-6908266
0	4029	-6908266
0	4030	-6908266
0	4031	-6908266
0	4032	-6908266
0	4033	-6908266
0	4034	-6908266
0	4035	-6908266
0	4036	-6908266
0	4037	-6908266
0	4038	-6908266
0	4039	-6908266
0	4040	-6908266
0	4041	-6908266
0	4042	-6908266
0	4043	-6908266
0	4044	-6908266
0	4045	-6908266
0	4046	-6908266
0	4047	-6908266
0	4048	-6908266
0	4049	-6908266
0	4050	-6908266
0	4051	-6908266
0	4052	-6908266
0	4053	-6908266
0	4054	-6908266
0	4055	-6908266
0	4056	-6908266
0	4057	-6908266
0	4058	-6908266
0	4059	-6908266
0	4060	-6908266
0	4061	-6908266
0	4062	-6908266
0	4063	-6908266
0	4064	-6908266
0	4065	-6908266
0	4066	-6908266
0	4067	-6908266
0	4068	-6908266
0	4069	-6908266
0	4070	-6908266
0	4071	-6908266
0	4072	-6908266
0	4073	-6908266
0	4074	-6908266
0	4075	-6908266
0	4076	-6908266
0	4077	-6908266
0	4078	-6908266
0	4079	-6908266
0	4080	-6908266
0	4081	-6908266
0	4082	-6908266
0	4083	-6908266
0	4084	-6908266
0	4085	-6908266
0	4086	-6908266
0	4087	-6908266
0	4088	-6908266
0	4089	-6908266
0	4090	-6908266
0	4091	-6908266
0	4092	-6908266
0	4093	-6908266
0	4094	-6908266
0	4095	-6908266
