0	-16711936
1	-65536
2	-65536
3	-65536
4	-65536
5	-65536
6	-65536
7	-65536
8	-65536
9	-65536
10	-65536
11	-65536
12	-65536
13	-65536
14	-65536
15	-65536
16	-65536
17	150
18	150
19	150
20	150
21	150
22	150
23	150
24	150
25	150
26	150
27	150
28	150
29	150
30	150
31	-65536
32	-65536
33	150
34	150
35	150
36	150
37	150
38	150
39	150
40	150
41	150
42	150
43	150
44	150
45	150
46	150
47	-65536
48	-65536
49	150
50	150
51	150
52	150
53	150
54	150
55	150
56	150
57	150
58	150
59	150
60	150
61	150
62	150
63	-65536
64	-65536
65	150
66	150
67	150
68	150
69	150
70	150
71	150
72	150
73	150
74	150
75	150
76	150
77	150
78	150
79	-65536
80	-65536
81	150
82	150
83	150
84	150
85	150
86	150
87	150
88	150
89	150
90	150
91	150
92	150
93	150
94	150
95	-65536
96	-65536
97	150
98	150
99	150
100	150
101	150
102	150
103	150
104	150
105	150
106	150
107	150
108	150
109	150
110	150
111	-65536
112	-65536
113	150
114	150
115	150
116	150
117	150
118	150
119	150
120	150
121	150
122	150
123	150
124	150
125	150
126	150
127	-65536
128	-65536
129	150
130	150
131	150
132	150
133	150
134	150
135	150
136	150
137	150
138	150
139	150
140	150
141	150
142	150
143	-65536
144	-65536
145	150
146	150
147	150
148	150
149	150
150	150
151	150
152	150
153	150
154	150
155	150
156	150
157	150
158	150
159	-65536
160	-65536
161	150
162	150
163	150
164	150
165	150
166	150
167	150
168	150
169	150
170	150
171	150
172	150
173	150
174	150
175	-65536
176	-65536
177	150
178	150
179	150
180	150
181	150
182	150
183	150
184	150
185	150
186	150
187	150
188	150
189	150
190	150
191	-65536
192	-65536
193	150
194	150
195	150
196	150
197	150
198	150
199	150
200	150
201	150
202	150
203	150
204	150
205	150
206	150
207	-65536
208	-65536
209	150
210	150
211	150
212	150
213	150
214	150
215	150
216	150
217	150
218	150
219	150
220	150
221	150
222	150
223	-65536
224	-65536
225	150
226	150
227	150
228	150
229	150
230	150
231	150
232	150
233	150
234	150
235	150
236	150
237	150
238	150
239	-65536
240	-65536
241	-65536
242	-65536
243	-65536
244	-65536
245	-65536
246	-65536
247	-65536
248	-65536
249	-65536
250	-65536
251	-65536
252	-65536
253	-65536
254	-65536
255	-65536
256	-256
257	150
258	150
259	150
260	150
261	150
262	150
263	150
264	150
265	150
266	150
267	150
268	150
269	150
270	150
271	-256
272	150
273	150
274	150
275	150
276	150
277	150
278	150
279	150
280	150
281	150
282	150
283	150
284	150
285	150
286	150
287	150
288	150
289	150
290	150
291	150
292	150
293	150
294	150
295	150
296	150
297	150
298	150
299	150
300	150
301	150
302	150
303	150
304	150
305	150
306	150
307	150
308	150
309	150
310	150
311	150
312	150
313	150
314	150
315	150
316	150
317	150
318	150
319	150
320	150
321	150
322	150
323	150
324	150
325	150
326	150
327	150
328	150
329	150
330	150
331	150
332	150
333	150
334	150
335	150
336	150
337	150
338	150
339	150
340	150
341	150
342	150
343	150
344	150
345	150
346	150
347	150
348	150
349	150
350	150
351	150
352	150
353	150
354	150
355	150
356	150
357	150
358	150
359	150
360	150
361	150
362	150
363	150
364	150
365	150
366	150
367	150
368	150
369	150
370	150
371	150
372	150
373	150
374	150
375	150
376	150
377	150
378	150
379	150
380	150
381	150
382	150
383	150
384	150
385	150
386	150
387	150
388	150
389	150
390	150
391	150
392	150
393	150
394	150
395	150
396	150
397	150
398	150
399	150
400	150
401	150
402	150
403	150
404	150
405	150
406	150
407	150
408	150
409	150
410	150
411	150
412	150
413	150
414	150
415	150
416	150
417	150
418	150
419	150
420	150
421	150
422	150
423	150
424	150
425	150
426	150
427	150
428	150
429	150
430	150
431	150
432	150
433	150
434	150
435	150
436	150
437	150
438	150
439	150
440	150
441	150
442	150
443	150
444	150
445	150
446	150
447	150
448	150
449	150
450	150
451	150
452	150
453	150
454	150
455	150
456	150
457	150
458	150
459	150
460	150
461	150
462	150
463	150
464	150
465	150
466	150
467	150
468	150
469	150
470	150
471	150
472	150
473	150
474	150
475	150
476	150
477	150
478	150
479	150
480	150
481	150
482	150
483	150
484	150
485	150
486	150
487	150
488	150
489	150
490	150
491	150
492	150
493	150
494	150
495	150
496	150
497	150
498	150
499	150
500	150
501	150
502	150
503	150
504	150
505	150
506	150
507	150
508	150
509	150
510	150
511	150
512	-256
513	150
514	150
515	150
516	150
517	150
518	150
519	150
520	150
521	150
522	150
523	150
524	150
525	150
526	150
527	-256
528	150
529	150
530	150
531	150
532	150
533	150
534	150
535	150
536	150
537	150
538	150
539	150
540	150
541	150
542	150
543	150
544	150
545	150
546	150
547	150
548	150
549	150
550	150
551	150
552	150
553	150
554	150
555	150
556	150
557	150
558	150
559	150
560	150
561	150
562	150
563	150
564	150
565	150
566	150
567	150
568	150
569	150
570	150
571	150
572	150
573	150
574	150
575	150
576	150
577	150
578	150
579	150
580	150
581	150
582	150
583	150
584	150
585	150
586	150
587	150
588	150
589	150
590	150
591	150
592	150
593	150
594	150
595	150
596	150
597	150
598	150
599	150
600	150
601	150
602	150
603	150
604	150
605	150
606	150
607	150
608	150
609	150
610	150
611	150
612	150
613	150
614	150
615	150
616	150
617	150
618	150
619	150
620	150
621	150
622	150
623	150
624	150
625	150
626	150
627	150
628	150
629	150
630	150
631	150
632	150
633	150
634	150
635	150
636	150
637	150
638	150
639	150
640	150
641	150
642	150
643	150
644	150
645	150
646	150
647	150
648	150
649	150
650	150
651	150
652	150
653	150
654	150
655	150
656	150
657	150
658	150
659	150
660	150
661	150
662	150
663	150
664	150
665	150
666	150
667	150
668	150
669	150
670	150
671	150
672	150
673	150
674	150
675	150
676	150
677	150
678	150
679	150
680	150
681	150
682	150
683	150
684	150
685	150
686	150
687	150
688	150
689	150
690	150
691	150
692	150
693	150
694	150
695	150
696	150
697	150
698	150
699	150
700	150
701	150
702	150
703	150
704	150
705	150
706	150
707	150
708	150
709	150
710	150
711	150
712	150
713	150
714	150
715	150
716	150
717	150
718	150
719	150
720	150
721	150
722	150
723	150
724	150
725	150
726	150
727	150
728	150
729	150
730	150
731	150
732	150
733	150
734	150
735	150
736	150
737	150
738	150
739	150
740	150
741	150
742	150
743	150
744	150
745	150
746	150
747	150
748	150
749	150
750	150
751	150
752	150
753	150
754	150
755	150
756	150
757	150
758	150
759	150
760	150
761	150
762	150
763	150
764	150
765	150
766	150
767	150
768	-256
769	150
770	150
771	150
772	150
773	150
774	150
775	150
776	150
777	150
778	150
779	150
780	150
781	150
782	150
783	-256
784	150
785	150
786	150
787	150
788	150
789	150
790	150
791	150
792	150
793	150
794	150
795	150
796	150
797	150
798	150
799	150
800	150
801	150
802	150
803	150
804	150
805	150
806	150
807	150
808	150
809	150
810	150
811	150
812	150
813	150
814	150
815	150
816	150
817	150
818	150
819	150
820	150
821	150
822	150
823	150
824	150
825	150
826	150
827	150
828	150
829	150
830	150
831	150
832	150
833	150
834	150
835	150
836	150
837	150
838	150
839	150
840	150
841	150
842	150
843	150
844	150
845	150
846	150
847	150
848	150
849	150
850	150
851	150
852	150
853	150
854	150
855	150
856	150
857	150
858	150
859	150
860	150
861	150
862	150
863	150
864	150
865	150
866	150
867	150
868	150
869	150
870	150
871	150
872	150
873	150
874	150
875	150
876	150
877	150
878	150
879	150
880	150
881	150
882	150
883	150
884	150
885	150
886	150
887	150
888	150
889	150
890	150
891	150
892	150
893	150
894	150
895	150
896	150
897	150
898	150
899	150
900	150
901	150
902	150
903	150
904	150
905	150
906	150
907	150
908	150
909	150
910	150
911	150
912	150
913	150
914	150
915	150
916	150
917	150
918	150
919	150
920	150
921	150
922	150
923	150
924	150
925	150
926	150
927	150
928	150
929	150
930	150
931	150
932	150
933	150
934	150
935	150
936	150
937	150
938	150
939	150
940	150
941	150
942	150
943	150
944	150
945	150
946	150
947	150
948	150
949	150
950	150
951	150
952	150
953	150
954	150
955	150
956	150
957	150
958	150
959	150
960	150
961	150
962	150
963	150
964	150
965	150
966	150
967	150
968	150
969	150
970	150
971	150
972	150
973	150
974	150
975	150
976	150
977	150
978	150
979	150
980	150
981	150
982	150
983	150
984	150
985	150
986	150
987	150
988	150
989	150
990	150
991	150
992	150
993	150
994	150
995	150
996	150
997	150
998	150
999	150
1000	150
1001	150
1002	150
1003	150
1004	150
1005	150
1006	150
1007	150
1008	150
1009	150
1010	150
1011	150
1012	150
1013	150
1014	150
1015	150
1016	150
1017	150
1018	150
1019	150
1020	150
1021	150
1022	150
1023	150
1024	-256
1025	150
1026	150
1027	150
1028	150
1029	150
1030	150
1031	150
1032	150
1033	150
1034	150
1035	150
1036	150
1037	150
1038	150
1039	-256
1040	150
1041	150
1042	150
1043	150
1044	150
1045	150
1046	150
1047	150
1048	150
1049	150
1050	150
1051	150
1052	150
1053	150
1054	150
1055	150
1056	150
1057	150
1058	150
1059	150
1060	150
1061	150
1062	150
1063	150
1064	150
1065	150
1066	150
1067	150
1068	150
1069	150
1070	150
1071	150
1072	150
1073	150
1074	150
1075	150
1076	150
1077	150
1078	150
1079	150
1080	150
1081	150
1082	150
1083	150
1084	150
1085	150
1086	150
1087	150
1088	150
1089	150
1090	150
1091	150
1092	150
1093	150
1094	150
1095	150
1096	150
1097	150
1098	150
1099	150
1100	150
1101	150
1102	150
1103	150
1104	150
1105	150
1106	150
1107	150
1108	150
1109	150
1110	150
1111	150
1112	150
1113	150
1114	150
1115	150
1116	150
1117	150
1118	150
1119	150
1120	150
1121	150
1122	150
1123	150
1124	150
1125	150
1126	150
1127	150
1128	150
1129	150
1130	150
1131	150
1132	150
1133	150
1134	150
1135	150
1136	150
1137	150
1138	150
1139	150
1140	150
1141	150
1142	150
1143	150
1144	150
1145	150
1146	150
1147	150
1148	150
1149	150
1150	150
1151	150
1152	150
1153	150
1154	150
1155	150
1156	150
1157	150
1158	150
1159	150
1160	150
1161	150
1162	150
1163	150
1164	150
1165	150
1166	150
1167	150
1168	150
1169	150
1170	150
1171	150
1172	150
1173	150
1174	150
1175	150
1176	150
1177	150
1178	150
1179	150
1180	150
1181	150
1182	150
1183	150
1184	150
1185	150
1186	150
1187	150
1188	150
1189	150
1190	150
1191	150
1192	150
1193	150
1194	150
1195	150
1196	150
1197	150
1198	150
1199	150
1200	150
1201	150
1202	150
1203	150
1204	150
1205	150
1206	150
1207	150
1208	150
1209	150
1210	150
1211	150
1212	150
1213	150
1214	150
1215	150
1216	150
1217	150
1218	150
1219	150
1220	150
1221	150
1222	150
1223	150
1224	150
1225	150
1226	150
1227	150
1228	150
1229	150
1230	150
1231	150
1232	150
1233	150
1234	150
1235	150
1236	150
1237	150
1238	150
1239	150
1240	150
1241	150
1242	150
1243	150
1244	150
1245	150
1246	150
1247	150
1248	150
1249	150
1250	150
1251	150
1252	150
1253	150
1254	150
1255	150
1256	150
1257	150
1258	150
1259	150
1260	150
1261	150
1262	150
1263	150
1264	150
1265	150
1266	150
1267	150
1268	150
1269	150
1270	150
1271	150
1272	150
1273	150
1274	150
1275	150
1276	150
1277	150
1278	150
1279	150
1280	-256
1281	150
1282	150
1283	150
1284	150
1285	150
1286	150
1287	150
1288	150
1289	150
1290	150
1291	150
1292	150
1293	150
1294	150
1295	-256
1296	150
1297	150
1298	150
1299	150
1300	150
1301	150
1302	150
1303	150
1304	150
1305	150
1306	150
1307	150
1308	150
1309	150
1310	150
1311	150
1312	150
1313	150
1314	150
1315	150
1316	150
1317	150
1318	150
1319	150
1320	150
1321	150
1322	150
1323	150
1324	150
1325	150
1326	150
1327	150
1328	150
1329	150
1330	150
1331	150
1332	150
1333	150
1334	150
1335	150
1336	150
1337	150
1338	150
1339	150
1340	150
1341	150
1342	150
1343	150
1344	150
1345	150
1346	150
1347	150
1348	150
1349	150
1350	150
1351	150
1352	150
1353	150
1354	150
1355	150
1356	150
1357	150
1358	150
1359	150
1360	150
1361	150
1362	150
1363	150
1364	150
1365	150
1366	150
1367	150
1368	150
1369	150
1370	150
1371	150
1372	150
1373	150
1374	150
1375	150
1376	150
1377	150
1378	150
1379	150
1380	150
1381	150
1382	150
1383	150
1384	150
1385	150
1386	150
1387	150
1388	150
1389	150
1390	150
1391	150
1392	150
1393	150
1394	150
1395	150
1396	150
1397	150
1398	150
1399	150
1400	150
1401	150
1402	150
1403	150
1404	150
1405	150
1406	150
1407	150
1408	150
1409	150
1410	150
1411	150
1412	150
1413	150
1414	150
1415	150
1416	150
1417	150
1418	150
1419	150
1420	150
1421	150
1422	150
1423	150
1424	150
1425	150
1426	150
1427	150
1428	150
1429	150
1430	150
1431	150
1432	150
1433	150
1434	150
1435	150
1436	150
1437	150
1438	150
1439	150
1440	150
1441	150
1442	150
1443	150
1444	150
1445	150
1446	150
1447	150
1448	150
1449	150
1450	150
1451	150
1452	150
1453	150
1454	150
1455	150
1456	150
1457	150
1458	150
1459	150
1460	150
1461	150
1462	150
1463	150
1464	150
1465	150
1466	150
1467	150
1468	150
1469	150
1470	150
1471	150
1472	150
1473	150
1474	150
1475	150
1476	150
1477	150
1478	150
1479	150
1480	150
1481	150
1482	150
1483	150
1484	150
1485	150
1486	150
1487	150
1488	150
1489	150
1490	150
1491	150
1492	150
1493	150
1494	150
1495	150
1496	150
1497	150
1498	150
1499	150
1500	150
1501	150
1502	150
1503	150
1504	150
1505	150
1506	150
1507	150
1508	150
1509	150
1510	150
1511	150
1512	150
1513	150
1514	150
1515	150
1516	150
1517	150
1518	150
1519	150
1520	150
1521	150
1522	150
1523	150
1524	150
1525	150
1526	150
1527	150
1528	150
1529	150
1530	150
1531	150
1532	150
1533	150
1534	150
1535	150
1536	-256
1537	150
1538	150
1539	150
1540	150
1541	150
1542	150
1543	150
1544	150
1545	150
1546	150
1547	150
1548	150
1549	150
1550	150
1551	-256
1552	150
1553	150
1554	150
1555	150
1556	150
1557	150
1558	150
1559	150
1560	150
1561	150
1562	150
1563	150
1564	150
1565	150
1566	150
1567	150
1568	150
1569	150
1570	150
1571	150
1572	150
1573	150
1574	150
1575	150
1576	150
1577	150
1578	150
1579	150
1580	150
1581	150
1582	150
1583	150
1584	150
1585	150
1586	150
1587	150
1588	150
1589	150
1590	150
1591	150
1592	150
1593	150
1594	150
1595	150
1596	150
1597	150
1598	150
1599	150
1600	150
1601	150
1602	150
1603	150
1604	150
1605	150
1606	150
1607	150
1608	150
1609	150
1610	150
1611	150
1612	150
1613	150
1614	150
1615	150
1616	150
1617	150
1618	150
1619	150
1620	150
1621	150
1622	150
1623	150
1624	150
1625	150
1626	150
1627	150
1628	150
1629	150
1630	150
1631	150
1632	150
1633	150
1634	150
1635	150
1636	150
1637	150
1638	150
1639	150
1640	150
1641	150
1642	150
1643	150
1644	150
1645	150
1646	150
1647	150
1648	150
1649	150
1650	150
1651	150
1652	150
1653	150
1654	150
1655	150
1656	150
1657	150
1658	150
1659	150
1660	150
1661	150
1662	150
1663	150
1664	150
1665	150
1666	150
1667	150
1668	150
1669	150
1670	150
1671	150
1672	150
1673	150
1674	150
1675	150
1676	150
1677	150
1678	150
1679	150
1680	150
1681	150
1682	150
1683	150
1684	150
1685	150
1686	150
1687	150
1688	150
1689	150
1690	150
1691	150
1692	150
1693	150
1694	150
1695	150
1696	150
1697	150
1698	150
1699	150
1700	150
1701	150
1702	150
1703	150
1704	150
1705	150
1706	150
1707	150
1708	150
1709	150
1710	150
1711	150
1712	150
1713	150
1714	150
1715	150
1716	150
1717	150
1718	150
1719	150
1720	150
1721	150
1722	150
1723	150
1724	150
1725	150
1726	150
1727	150
1728	150
1729	150
1730	150
1731	150
1732	150
1733	150
1734	150
1735	150
1736	150
1737	150
1738	150
1739	150
1740	150
1741	150
1742	150
1743	150
1744	150
1745	150
1746	150
1747	150
1748	150
1749	150
1750	150
1751	150
1752	150
1753	150
1754	150
1755	150
1756	150
1757	150
1758	150
1759	150
1760	150
1761	150
1762	150
1763	150
1764	150
1765	150
1766	150
1767	150
1768	150
1769	150
1770	150
1771	150
1772	150
1773	150
1774	150
1775	150
1776	150
1777	150
1778	150
1779	150
1780	150
1781	150
1782	150
1783	150
1784	150
1785	150
1786	150
1787	150
1788	150
1789	150
1790	150
1791	150
1792	-256
1793	150
1794	150
1795	150
1796	150
1797	150
1798	150
1799	150
1800	150
1801	150
1802	150
1803	150
1804	150
1805	150
1806	150
1807	-256
1808	150
1809	150
1810	150
1811	150
1812	150
1813	150
1814	150
1815	150
1816	150
1817	150
1818	150
1819	150
1820	150
1821	150
1822	150
1823	150
1824	150
1825	150
1826	150
1827	150
1828	150
1829	150
1830	150
1831	150
1832	150
1833	150
1834	150
1835	150
1836	150
1837	150
1838	150
1839	150
1840	150
1841	150
1842	150
1843	150
1844	150
1845	150
1846	150
1847	150
1848	150
1849	150
1850	150
1851	150
1852	150
1853	150
1854	150
1855	150
1856	150
1857	150
1858	150
1859	150
1860	150
1861	150
1862	150
1863	150
1864	150
1865	150
1866	150
1867	150
1868	150
1869	150
1870	150
1871	150
1872	150
1873	150
1874	150
1875	150
1876	150
1877	150
1878	150
1879	150
1880	150
1881	150
1882	150
1883	150
1884	150
1885	150
1886	150
1887	150
1888	150
1889	150
1890	150
1891	150
1892	150
1893	150
1894	150
1895	150
1896	150
1897	150
1898	150
1899	150
1900	150
1901	150
1902	150
1903	150
1904	150
1905	150
1906	150
1907	150
1908	150
1909	150
1910	150
1911	150
1912	150
1913	150
1914	150
1915	150
1916	150
1917	150
1918	150
1919	150
1920	150
1921	150
1922	150
1923	150
1924	150
1925	150
1926	150
1927	150
1928	150
1929	150
1930	150
1931	150
1932	150
1933	150
1934	150
1935	150
1936	150
1937	150
1938	150
1939	150
1940	150
1941	150
1942	150
1943	150
1944	150
1945	150
1946	150
1947	150
1948	150
1949	150
1950	150
1951	150
1952	150
1953	150
1954	150
1955	150
1956	150
1957	150
1958	150
1959	150
1960	150
1961	150
1962	150
1963	150
1964	150
1965	150
1966	150
1967	150
1968	150
1969	150
1970	150
1971	150
1972	150
1973	150
1974	150
1975	150
1976	150
1977	150
1978	150
1979	150
1980	150
1981	150
1982	150
1983	150
1984	150
1985	150
1986	150
1987	150
1988	150
1989	150
1990	150
1991	150
1992	150
1993	150
1994	150
1995	150
1996	150
1997	150
1998	150
1999	150
2000	150
2001	150
2002	150
2003	150
2004	150
2005	150
2006	150
2007	150
2008	150
2009	150
2010	150
2011	150
2012	150
2013	150
2014	150
2015	150
2016	150
2017	150
2018	150
2019	150
2020	150
2021	150
2022	150
2023	150
2024	150
2025	150
2026	150
2027	150
2028	150
2029	150
2030	150
2031	150
2032	150
2033	150
2034	150
2035	150
2036	150
2037	150
2038	150
2039	150
2040	150
2041	150
2042	150
2043	150
2044	150
2045	150
2046	150
2047	150
2048	-256
2049	150
2050	150
2051	150
2052	150
2053	150
2054	150
2055	150
2056	150
2057	150
2058	150
2059	150
2060	150
2061	150
2062	150
2063	-256
2064	150
2065	150
2066	150
2067	150
2068	150
2069	150
2070	150
2071	150
2072	150
2073	150
2074	150
2075	150
2076	150
2077	150
2078	150
2079	150
2080	150
2081	150
2082	150
2083	150
2084	150
2085	150
2086	150
2087	150
2088	150
2089	150
2090	150
2091	150
2092	150
2093	150
2094	150
2095	150
2096	150
2097	150
2098	150
2099	150
2100	150
2101	150
2102	150
2103	150
2104	150
2105	150
2106	150
2107	150
2108	150
2109	150
2110	150
2111	150
2112	150
2113	150
2114	150
2115	150
2116	150
2117	150
2118	150
2119	150
2120	150
2121	150
2122	150
2123	150
2124	150
2125	150
2126	150
2127	150
2128	150
2129	150
2130	150
2131	150
2132	150
2133	150
2134	150
2135	150
2136	150
2137	150
2138	150
2139	150
2140	150
2141	150
2142	150
2143	150
2144	150
2145	150
2146	150
2147	150
2148	150
2149	150
2150	150
2151	150
2152	150
2153	150
2154	150
2155	150
2156	150
2157	150
2158	150
2159	150
2160	150
2161	150
2162	150
2163	150
2164	150
2165	150
2166	150
2167	150
2168	150
2169	150
2170	150
2171	150
2172	150
2173	150
2174	150
2175	150
2176	150
2177	150
2178	150
2179	150
2180	150
2181	150
2182	150
2183	150
2184	150
2185	150
2186	150
2187	150
2188	150
2189	150
2190	150
2191	150
2192	150
2193	150
2194	150
2195	150
2196	150
2197	150
2198	150
2199	150
2200	150
2201	150
2202	150
2203	150
2204	150
2205	150
2206	150
2207	150
2208	150
2209	150
2210	150
2211	150
2212	150
2213	150
2214	150
2215	150
2216	150
2217	150
2218	150
2219	150
2220	150
2221	150
2222	150
2223	150
2224	150
2225	150
2226	150
2227	150
2228	150
2229	150
2230	150
2231	150
2232	150
2233	150
2234	150
2235	150
2236	150
2237	150
2238	150
2239	150
2240	150
2241	150
2242	150
2243	150
2244	150
2245	150
2246	150
2247	150
2248	150
2249	150
2250	150
2251	150
2252	150
2253	150
2254	150
2255	150
2256	150
2257	150
2258	150
2259	150
2260	150
2261	150
2262	150
2263	150
2264	150
2265	150
2266	150
2267	150
2268	150
2269	150
2270	150
2271	150
2272	150
2273	150
2274	150
2275	150
2276	150
2277	150
2278	150
2279	150
2280	150
2281	150
2282	150
2283	150
2284	150
2285	150
2286	150
2287	150
2288	150
2289	150
2290	150
2291	150
2292	150
2293	150
2294	150
2295	150
2296	150
2297	150
2298	150
2299	150
2300	150
2301	150
2302	150
2303	150
2304	-256
2305	150
2306	150
2307	150
2308	150
2309	150
2310	150
2311	150
2312	150
2313	150
2314	150
2315	150
2316	150
2317	150
2318	150
2319	-256
2320	150
2321	150
2322	150
2323	150
2324	150
2325	150
2326	150
2327	150
2328	150
2329	150
2330	150
2331	150
2332	150
2333	150
2334	150
2335	150
2336	150
2337	150
2338	150
2339	150
2340	150
2341	150
2342	150
2343	150
2344	150
2345	150
2346	150
2347	150
2348	150
2349	150
2350	150
2351	150
2352	150
2353	150
2354	150
2355	150
2356	150
2357	150
2358	150
2359	150
2360	150
2361	150
2362	150
2363	150
2364	150
2365	150
2366	150
2367	150
2368	150
2369	150
2370	150
2371	150
2372	150
2373	150
2374	150
2375	150
2376	150
2377	150
2378	150
2379	150
2380	150
2381	150
2382	150
2383	150
2384	150
2385	150
2386	150
2387	150
2388	150
2389	150
2390	150
2391	150
2392	150
2393	150
2394	150
2395	150
2396	150
2397	150
2398	150
2399	150
2400	150
2401	150
2402	150
2403	150
2404	150
2405	150
2406	150
2407	150
2408	150
2409	150
2410	150
2411	150
2412	150
2413	150
2414	150
2415	150
2416	150
2417	150
2418	150
2419	150
2420	150
2421	150
2422	150
2423	150
2424	150
2425	150
2426	150
2427	150
2428	150
2429	150
2430	150
2431	150
2432	150
2433	150
2434	150
2435	150
2436	150
2437	150
2438	150
2439	150
2440	150
2441	150
2442	150
2443	150
2444	150
2445	150
2446	150
2447	150
2448	150
2449	150
2450	150
2451	150
2452	150
2453	150
2454	150
2455	150
2456	150
2457	150
2458	150
2459	150
2460	150
2461	150
2462	150
2463	150
2464	150
2465	150
2466	150
2467	150
2468	150
2469	150
2470	150
2471	150
2472	150
2473	150
2474	150
2475	150
2476	150
2477	150
2478	150
2479	150
2480	150
2481	150
2482	150
2483	150
2484	150
2485	150
2486	150
2487	150
2488	150
2489	150
2490	150
2491	150
2492	150
2493	150
2494	150
2495	150
2496	150
2497	150
2498	150
2499	150
2500	150
2501	150
2502	150
2503	150
2504	150
2505	150
2506	150
2507	150
2508	150
2509	150
2510	150
2511	150
2512	150
2513	150
2514	150
2515	150
2516	150
2517	150
2518	150
2519	150
2520	150
2521	150
2522	150
2523	150
2524	150
2525	150
2526	150
2527	150
2528	150
2529	150
2530	150
2531	150
2532	150
2533	150
2534	150
2535	150
2536	150
2537	150
2538	150
2539	150
2540	150
2541	150
2542	150
2543	150
2544	150
2545	150
2546	150
2547	150
2548	150
2549	150
2550	150
2551	150
2552	150
2553	150
2554	150
2555	150
2556	150
2557	150
2558	150
2559	150
2560	-256
2561	150
2562	150
2563	150
2564	150
2565	150
2566	150
2567	150
2568	150
2569	150
2570	150
2571	150
2572	150
2573	150
2574	150
2575	-256
2576	150
2577	150
2578	150
2579	150
2580	150
2581	150
2582	150
2583	150
2584	150
2585	150
2586	150
2587	150
2588	150
2589	150
2590	150
2591	150
2592	150
2593	150
2594	150
2595	150
2596	150
2597	150
2598	150
2599	150
2600	150
2601	150
2602	150
2603	150
2604	150
2605	150
2606	150
2607	150
2608	150
2609	150
2610	150
2611	150
2612	150
2613	150
2614	150
2615	150
2616	150
2617	150
2618	150
2619	150
2620	150
2621	150
2622	150
2623	150
2624	150
2625	150
2626	150
2627	150
2628	150
2629	150
2630	150
2631	150
2632	150
2633	150
2634	150
2635	150
2636	150
2637	150
2638	150
2639	150
2640	150
2641	150
2642	150
2643	150
2644	150
2645	150
2646	150
2647	150
2648	150
2649	150
2650	150
2651	150
2652	150
2653	150
2654	150
2655	150
2656	150
2657	150
2658	150
2659	150
2660	150
2661	150
2662	150
2663	150
2664	150
2665	150
2666	150
2667	150
2668	150
2669	150
2670	150
2671	150
2672	150
2673	150
2674	150
2675	150
2676	150
2677	150
2678	150
2679	150
2680	150
2681	150
2682	150
2683	150
2684	150
2685	150
2686	150
2687	150
2688	150
2689	150
2690	150
2691	150
2692	150
2693	150
2694	150
2695	150
2696	150
2697	150
2698	150
2699	150
2700	150
2701	150
2702	150
2703	150
2704	150
2705	150
2706	150
2707	150
2708	150
2709	150
2710	150
2711	150
2712	150
2713	150
2714	150
2715	150
2716	150
2717	150
2718	150
2719	150
2720	150
2721	150
2722	150
2723	150
2724	150
2725	150
2726	150
2727	150
2728	150
2729	150
2730	150
2731	150
2732	150
2733	150
2734	150
2735	150
2736	150
2737	150
2738	150
2739	150
2740	150
2741	150
2742	150
2743	150
2744	150
2745	150
2746	150
2747	150
2748	150
2749	150
2750	150
2751	150
2752	150
2753	150
2754	150
2755	150
2756	150
2757	150
2758	150
2759	150
2760	150
2761	150
2762	150
2763	150
2764	150
2765	150
2766	150
2767	150
2768	150
2769	150
2770	150
2771	150
2772	150
2773	150
2774	150
2775	150
2776	150
2777	150
2778	150
2779	150
2780	150
2781	150
2782	150
2783	150
2784	150
2785	150
2786	150
2787	150
2788	150
2789	150
2790	150
2791	150
2792	150
2793	150
2794	150
2795	150
2796	150
2797	150
2798	150
2799	150
2800	150
2801	150
2802	150
2803	150
2804	150
2805	150
2806	150
2807	150
2808	150
2809	150
2810	150
2811	150
2812	150
2813	150
2814	150
2815	150
2816	-256
2817	150
2818	150
2819	150
2820	150
2821	150
2822	150
2823	150
2824	150
2825	150
2826	150
2827	150
2828	150
2829	150
2830	150
2831	-256
2832	150
2833	150
2834	150
2835	150
2836	150
2837	150
2838	150
2839	150
2840	150
2841	150
2842	150
2843	150
2844	150
2845	150
2846	150
2847	150
2848	150
2849	150
2850	150
2851	150
2852	150
2853	150
2854	150
2855	150
2856	150
2857	150
2858	150
2859	150
2860	150
2861	150
2862	150
2863	150
2864	150
2865	150
2866	150
2867	150
2868	150
2869	150
2870	150
2871	150
2872	150
2873	150
2874	150
2875	150
2876	150
2877	150
2878	150
2879	150
2880	150
2881	150
2882	150
2883	150
2884	150
2885	150
2886	150
2887	150
2888	150
2889	150
2890	150
2891	150
2892	150
2893	150
2894	150
2895	150
2896	150
2897	150
2898	150
2899	150
2900	150
2901	150
2902	150
2903	150
2904	150
2905	150
2906	150
2907	150
2908	150
2909	150
2910	150
2911	150
2912	150
2913	150
2914	150
2915	150
2916	150
2917	150
2918	150
2919	150
2920	150
2921	150
2922	150
2923	150
2924	150
2925	150
2926	150
2927	150
2928	150
2929	150
2930	150
2931	150
2932	150
2933	150
2934	150
2935	150
2936	150
2937	150
2938	150
2939	150
2940	150
2941	150
2942	150
2943	150
2944	150
2945	150
2946	150
2947	150
2948	150
2949	150
2950	150
2951	150
2952	150
2953	150
2954	150
2955	150
2956	150
2957	150
2958	150
2959	150
2960	150
2961	150
2962	150
2963	150
2964	150
2965	150
2966	150
2967	150
2968	150
2969	150
2970	150
2971	150
2972	150
2973	150
2974	150
2975	150
2976	150
2977	150
2978	150
2979	150
2980	150
2981	150
2982	150
2983	150
2984	150
2985	150
2986	150
2987	150
2988	150
2989	150
2990	150
2991	150
2992	150
2993	150
2994	150
2995	150
2996	150
2997	150
2998	150
2999	150
3000	150
3001	150
3002	150
3003	150
3004	150
3005	150
3006	150
3007	150
3008	150
3009	150
3010	150
3011	150
3012	150
3013	150
3014	150
3015	150
3016	150
3017	150
3018	150
3019	150
3020	150
3021	150
3022	150
3023	150
3024	150
3025	150
3026	150
3027	150
3028	150
3029	150
3030	150
3031	150
3032	150
3033	150
3034	150
3035	150
3036	150
3037	150
3038	150
3039	150
3040	150
3041	150
3042	150
3043	150
3044	150
3045	150
3046	150
3047	150
3048	150
3049	150
3050	150
3051	150
3052	150
3053	150
3054	150
3055	150
3056	150
3057	150
3058	150
3059	150
3060	150
3061	150
3062	150
3063	150
3064	150
3065	150
3066	150
3067	150
3068	150
3069	150
3070	150
3071	150
3072	-256
3073	150
3074	150
3075	150
3076	150
3077	150
3078	150
3079	150
3080	150
3081	150
3082	150
3083	150
3084	150
3085	150
3086	150
3087	-256
3088	150
3089	150
3090	150
3091	150
3092	150
3093	150
3094	150
3095	150
3096	150
3097	150
3098	150
3099	150
3100	150
3101	150
3102	150
3103	150
3104	150
3105	150
3106	150
3107	150
3108	150
3109	150
3110	150
3111	150
3112	150
3113	150
3114	150
3115	150
3116	150
3117	150
3118	150
3119	150
3120	150
3121	150
3122	150
3123	150
3124	150
3125	150
3126	150
3127	150
3128	150
3129	150
3130	150
3131	150
3132	150
3133	150
3134	150
3135	150
3136	150
3137	150
3138	150
3139	150
3140	150
3141	150
3142	150
3143	150
3144	150
3145	150
3146	150
3147	150
3148	150
3149	150
3150	150
3151	150
3152	150
3153	150
3154	150
3155	150
3156	150
3157	150
3158	150
3159	150
3160	150
3161	150
3162	150
3163	150
3164	150
3165	150
3166	150
3167	150
3168	150
3169	150
3170	150
3171	150
3172	150
3173	150
3174	150
3175	150
3176	150
3177	150
3178	150
3179	150
3180	150
3181	150
3182	150
3183	150
3184	150
3185	150
3186	150
3187	150
3188	150
3189	150
3190	150
3191	150
3192	150
3193	150
3194	150
3195	150
3196	150
3197	150
3198	150
3199	150
3200	150
3201	150
3202	150
3203	150
3204	150
3205	150
3206	150
3207	150
3208	150
3209	150
3210	150
3211	150
3212	150
3213	150
3214	150
3215	150
3216	150
3217	150
3218	150
3219	150
3220	150
3221	150
3222	150
3223	150
3224	150
3225	150
3226	150
3227	150
3228	150
3229	150
3230	150
3231	150
3232	150
3233	150
3234	150
3235	150
3236	150
3237	150
3238	150
3239	150
3240	150
3241	150
3242	150
3243	150
3244	150
3245	150
3246	150
3247	150
3248	150
3249	150
3250	150
3251	150
3252	150
3253	150
3254	150
3255	150
3256	150
3257	150
3258	150
3259	150
3260	150
3261	150
3262	150
3263	150
3264	150
3265	150
3266	150
3267	150
3268	150
3269	150
3270	150
3271	150
3272	150
3273	150
3274	150
3275	150
3276	150
3277	150
3278	150
3279	150
3280	150
3281	150
3282	150
3283	150
3284	150
3285	150
3286	150
3287	150
3288	150
3289	150
3290	150
3291	150
3292	150
3293	150
3294	150
3295	150
3296	150
3297	150
3298	150
3299	150
3300	150
3301	150
3302	150
3303	150
3304	150
3305	150
3306	150
3307	150
3308	150
3309	150
3310	150
3311	150
3312	150
3313	150
3314	150
3315	150
3316	150
3317	150
3318	150
3319	150
3320	150
3321	150
3322	150
3323	150
3324	150
3325	150
3326	150
3327	150
3328	-256
3329	150
3330	150
3331	150
3332	150
3333	150
3334	150
3335	150
3336	150
3337	150
3338	150
3339	150
3340	150
3341	150
3342	150
3343	-256
3344	150
3345	150
3346	150
3347	150
3348	150
3349	150
3350	150
3351	150
3352	150
3353	150
3354	150
3355	150
3356	150
3357	150
3358	150
3359	150
3360	150
3361	150
3362	150
3363	150
3364	150
3365	150
3366	150
3367	150
3368	150
3369	150
3370	150
3371	150
3372	150
3373	150
3374	150
3375	150
3376	150
3377	150
3378	150
3379	150
3380	150
3381	150
3382	150
3383	150
3384	150
3385	150
3386	150
3387	150
3388	150
3389	150
3390	150
3391	150
3392	150
3393	150
3394	150
3395	150
3396	150
3397	150
3398	150
3399	150
3400	150
3401	150
3402	150
3403	150
3404	150
3405	150
3406	150
3407	150
3408	150
3409	150
3410	150
3411	150
3412	150
3413	150
3414	150
3415	150
3416	150
3417	150
3418	150
3419	150
3420	150
3421	150
3422	150
3423	150
3424	150
3425	150
3426	150
3427	150
3428	150
3429	150
3430	150
3431	150
3432	150
3433	150
3434	150
3435	150
3436	150
3437	150
3438	150
3439	150
3440	150
3441	150
3442	150
3443	150
3444	150
3445	150
3446	150
3447	150
3448	150
3449	150
3450	150
3451	150
3452	150
3453	150
3454	150
3455	150
3456	150
3457	150
3458	150
3459	150
3460	150
3461	150
3462	150
3463	150
3464	150
3465	150
3466	150
3467	150
3468	150
3469	150
3470	150
3471	150
3472	150
3473	150
3474	150
3475	150
3476	150
3477	150
3478	150
3479	150
3480	150
3481	150
3482	150
3483	150
3484	150
3485	150
3486	150
3487	150
3488	150
3489	150
3490	150
3491	150
3492	150
3493	150
3494	150
3495	150
3496	150
3497	150
3498	150
3499	150
3500	150
3501	150
3502	150
3503	150
3504	150
3505	150
3506	150
3507	150
3508	150
3509	150
3510	150
3511	150
3512	150
3513	150
3514	150
3515	150
3516	150
3517	150
3518	150
3519	150
3520	150
3521	150
3522	150
3523	150
3524	150
3525	150
3526	150
3527	150
3528	150
3529	150
3530	150
3531	150
3532	150
3533	150
3534	150
3535	150
3536	150
3537	150
3538	150
3539	150
3540	150
3541	150
3542	150
3543	150
3544	150
3545	150
3546	150
3547	150
3548	150
3549	150
3550	150
3551	150
3552	150
3553	150
3554	150
3555	150
3556	150
3557	150
3558	150
3559	150
3560	150
3561	150
3562	150
3563	150
3564	150
3565	150
3566	150
3567	150
3568	150
3569	150
3570	150
3571	150
3572	150
3573	150
3574	150
3575	150
3576	150
3577	150
3578	150
3579	150
3580	150
3581	150
3582	150
3583	150
3584	-256
3585	150
3586	150
3587	150
3588	150
3589	150
3590	150
3591	150
3592	150
3593	150
3594	150
3595	150
3596	150
3597	150
3598	150
3599	-256
3600	150
3601	150
3602	150
3603	150
3604	150
3605	150
3606	150
3607	150
3608	150
3609	150
3610	150
3611	150
3612	150
3613	150
3614	150
3615	150
3616	150
3617	150
3618	150
3619	150
3620	150
3621	150
3622	150
3623	150
3624	150
3625	150
3626	150
3627	150
3628	150
3629	150
3630	150
3631	150
3632	150
3633	150
3634	150
3635	150
3636	150
3637	150
3638	150
3639	150
3640	150
3641	150
3642	150
3643	150
3644	150
3645	150
3646	150
3647	150
3648	150
3649	150
3650	150
3651	150
3652	150
3653	150
3654	150
3655	150
3656	150
3657	150
3658	150
3659	150
3660	150
3661	150
3662	150
3663	150
3664	150
3665	150
3666	150
3667	150
3668	150
3669	150
3670	150
3671	150
3672	150
3673	150
3674	150
3675	150
3676	150
3677	150
3678	150
3679	150
3680	150
3681	150
3682	150
3683	150
3684	150
3685	150
3686	150
3687	150
3688	150
3689	150
3690	150
3691	150
3692	150
3693	150
3694	150
3695	150
3696	150
3697	150
3698	150
3699	150
3700	150
3701	150
3702	150
3703	150
3704	150
3705	150
3706	150
3707	150
3708	150
3709	150
3710	150
3711	150
3712	150
3713	150
3714	150
3715	150
3716	150
3717	150
3718	150
3719	150
3720	150
3721	150
3722	150
3723	150
3724	150
3725	150
3726	150
3727	150
3728	150
3729	150
3730	150
3731	150
3732	150
3733	150
3734	150
3735	150
3736	150
3737	150
3738	150
3739	150
3740	150
3741	150
3742	150
3743	150
3744	150
3745	150
3746	150
3747	150
3748	150
3749	150
3750	150
3751	150
3752	150
3753	150
3754	150
3755	150
3756	150
3757	150
3758	150
3759	150
3760	150
3761	150
3762	150
3763	150
3764	150
3765	150
3766	150
3767	150
3768	150
3769	150
3770	150
3771	150
3772	150
3773	150
3774	150
3775	150
3776	150
3777	150
3778	150
3779	150
3780	150
3781	150
3782	150
3783	150
3784	150
3785	150
3786	150
3787	150
3788	150
3789	150
3790	150
3791	150
3792	150
3793	150
3794	150
3795	150
3796	150
3797	150
3798	150
3799	150
3800	150
3801	150
3802	150
3803	150
3804	150
3805	150
3806	150
3807	150
3808	150
3809	150
3810	150
3811	150
3812	150
3813	150
3814	150
3815	150
3816	150
3817	150
3818	150
3819	150
3820	150
3821	150
3822	150
3823	150
3824	150
3825	150
3826	150
3827	150
3828	150
3829	150
3830	150
3831	150
3832	150
3833	150
3834	150
3835	150
3836	150
3837	150
3838	150
3839	150
3840	-16776961
3841	-16776961
3842	-16776961
3843	-16776961
3844	-16776961
3845	-16776961
3846	-16776961
3847	-16776961
3848	-16776961
3849	-16776961
3850	-16776961
3851	-16776961
3852	-16776961
3853	-16776961
3854	-16776961
3855	-16776961
3856	-16776961
3857	150
3858	150
3859	150
3860	150
3861	150
3862	150
3863	150
3864	150
3865	150
3866	150
3867	150
3868	150
3869	150
3870	150
3871	-16776961
3872	-16776961
3873	150
3874	150
3875	150
3876	150
3877	150
3878	150
3879	150
3880	150
3881	150
3882	150
3883	150
3884	150
3885	150
3886	150
3887	-16776961
3888	-16776961
3889	150
3890	150
3891	150
3892	150
3893	150
3894	150
3895	150
3896	150
3897	150
3898	150
3899	150
3900	150
3901	150
3902	150
3903	-16776961
3904	-16776961
3905	150
3906	150
3907	150
3908	150
3909	150
3910	150
3911	150
3912	150
3913	150
3914	150
3915	150
3916	150
3917	150
3918	150
3919	-16776961
3920	-16776961
3921	150
3922	150
3923	150
3924	150
3925	150
3926	150
3927	150
3928	150
3929	150
3930	150
3931	150
3932	150
3933	150
3934	150
3935	-16776961
3936	-16776961
3937	150
3938	150
3939	150
3940	150
3941	150
3942	150
3943	150
3944	150
3945	150
3946	150
3947	150
3948	150
3949	150
3950	150
3951	-16776961
3952	-16776961
3953	150
3954	150
3955	150
3956	150
3957	150
3958	150
3959	150
3960	150
3961	150
3962	150
3963	150
3964	150
3965	150
3966	150
3967	-16776961
3968	-16776961
3969	150
3970	150
3971	150
3972	150
3973	150
3974	150
3975	150
3976	150
3977	150
3978	150
3979	150
3980	150
3981	150
3982	150
3983	-16776961
3984	-16776961
3985	150
3986	150
3987	150
3988	150
3989	150
3990	150
3991	150
3992	150
3993	150
3994	150
3995	150
3996	150
3997	150
3998	150
3999	-16776961
4000	-16776961
4001	150
4002	150
4003	150
4004	150
4005	150
4006	150
4007	150
4008	150
4009	150
4010	150
4011	150
4012	150
4013	150
4014	150
4015	-16776961
4016	-16776961
4017	150
4018	150
4019	150
4020	150
4021	150
4022	150
4023	150
4024	150
4025	150
4026	150
4027	150
4028	150
4029	150
4030	150
4031	-16776961
4032	-16776961
4033	150
4034	150
4035	150
4036	150
4037	150
4038	150
4039	150
4040	150
4041	150
4042	150
4043	150
4044	150
4045	150
4046	150
4047	-16776961
4048	-16776961
4049	150
4050	150
4051	150
4052	150
4053	150
4054	150
4055	150
4056	150
4057	150
4058	150
4059	150
4060	150
4061	150
4062	150
4063	-16776961
4064	-16776961
4065	150
4066	150
4067	150
4068	150
4069	150
4070	150
4071	150
4072	150
4073	150
4074	150
4075	150
4076	150
4077	150
4078	150
4079	-16776961
4080	-16776961
4081	-16776961
4082	-16776961
4083	-16776961
4084	-16776961
4085	-16776961
4086	-16776961
4087	-16776961
4088	-16776961
4089	-16776961
4090	-16776961
4091	-16776961
4092	-16776961
4093	-16776961
4094	-16776961
4095	-65281
