0	-6908266
1	-6908266
2	-6908266
3	-6908266
4	-6908266
5	-6908266
6	-6908266
7	-6908266
8	-6908266
9	-6908266
10	-6908266
11	-6908266
12	-6908266
13	-6908266
14	-6908266
15	-6908266
16	-6908266
17	-6908266
18	-6908266
19	-6908266
20	-6908266
21	-6908266
22	-6908266
23	-6908266
24	-6908266
25	-6908266
26	-6908266
27	-6908266
28	-6908266
29	-6908266
30	-6908266
31	-6908266
32	-6908266
33	-6908266
34	-6908266
35	-6908266
36	-6908266
37	-6908266
38	-65281
39	-6908266
40	-65281
41	-65281
42	-6908266
43	-6908266
44	-6908266
45	-6908266
46	-6908266
47	-6908266
48	-6908266
49	-6908266
50	-6908266
51	-6908266
52	-6908266
53	-65281
54	-6908266
55	-6908266
56	-6908266
57	-6908266
58	-65281
59	-6908266
60	-6908266
61	-6908266
62	-6908266
63	-6908266
64	-6908266
65	-6908266
66	-6908266
67	-6908266
68	-65281
69	-6908266
70	-6908266
71	-6908266
72	-6908266
73	-6908266
74	-6908266
75	-65281
76	-6908266
77	-6908266
78	-6908266
79	-6908266
80	-6908266
81	-6908266
82	-6908266
83	-6908266
84	-6908266
85	-6908266
86	-6908266
87	-6908266
88	-6908266
89	-6908266
90	-6908266
91	-6908266
92	-6908266
93	-6908266
94	-6908266
95	-6908266
96	-6908266
97	-6908266
98	-6908266
99	-6908266
100	-6908266
101	-6908266
102	-6908266
103	-6908266
104	-6908266
105	-6908266
106	-6908266
107	-6908266
108	-6908266
109	-6908266
110	-6908266
111	-6908266
112	-6908266
113	-6908266
114	-6908266
115	-6908266
116	-6908266
117	-6908266
118	-6908266
119	-6908266
120	-6908266
121	-6908266
122	-6908266
123	-6908266
124	-6908266
125	-6908266
126	-6908266
127	-6908266
128	-6908266
129	-6908266
130	-6908266
131	-6908266
132	-65281
133	-65281
134	-6908266
135	-6908266
136	-6908266
137	-65281
138	-65281
139	-6908266
140	-6908266
141	-6908266
142	-6908266
143	-6908266
144	-6908266
145	-6908266
146	-6908266
147	-6908266
148	-65281
149	-65281
150	-6908266
151	-6908266
152	-6908266
153	-65281
154	-65281
155	-6908266
156	-6908266
157	-6908266
158	-6908266
159	-6908266
160	-6908266
161	-6908266
162	-6908266
163	-6908266
164	-6908266
165	-6908266
166	-6908266
167	-6908266
168	-6908266
169	-6908266
170	-6908266
171	-6908266
172	-6908266
173	-6908266
174	-6908266
175	-6908266
176	-6908266
177	-6908266
178	-6908266
179	-6908266
180	-6908266
181	-6908266
182	-6908266
183	-6908266
184	-6908266
185	-6908266
186	-6908266
187	-6908266
188	-6908266
189	-6908266
190	-6908266
191	-6908266
192	-6908266
193	-6908266
194	-6908266
195	-6908266
196	-6908266
197	-6908266
198	-6908266
199	-6908266
200	-6908266
201	-6908266
202	-6908266
203	-6908266
204	-6908266
205	-6908266
206	-6908266
207	-6908266
208	-6908266
209	-6908266
210	-6908266
211	-6908266
212	-6908266
213	-6908266
214	-6908266
215	-6908266
216	-6908266
217	-6908266
218	-6908266
219	-6908266
220	-6908266
221	-6908266
222	-6908266
223	-6908266
224	-6908266
225	-6908266
226	-6908266
227	-6908266
228	-6908266
229	-6908266
230	-6908266
231	-6908266
232	-6908266
233	-6908266
234	-6908266
235	-6908266
236	-6908266
237	-6908266
238	-6908266
239	-6908266
240	-6908266
241	-6908266
242	-6908266
243	-6908266
244	-6908266
245	-6908266
246	-6908266
247	-6908266
248	-6908266
249	-6908266
250	-6908266
251	-6908266
252	-6908266
253	-6908266
254	-6908266
255	-6908266
256	-6908266
257	-6908266
258	-6908266
259	-6908266
260	-6908266
261	-6908266
262	-6908266
263	-6908266
264	-6908266
265	-6908266
266	-6908266
267	-6908266
268	-6908266
269	-6908266
270	-6908266
271	-6908266
272	-6908266
273	-6908266
274	-6908266
275	-6908266
276	-6908266
277	-6908266
278	-6908266
279	-6908266
280	-6908266
281	-6908266
282	-6908266
283	-6908266
284	-6908266
285	-6908266
286	-6908266
287	-6908266
288	-6908266
289	-6908266
290	-6908266
291	-6908266
292	-6908266
293	-6908266
294	-6908266
295	-6908266
296	-6908266
297	-6908266
298	-6908266
299	-6908266
300	-6908266
301	-6908266
302	-6908266
303	-6908266
304	-6908266
305	-6908266
306	-6908266
307	-6908266
308	-6908266
309	-6908266
310	-6908266
311	-6908266
312	-6908266
313	-6908266
314	-6908266
315	-6908266
316	-6908266
317	-6908266
318	-6908266
319	-6908266
320	-6908266
321	-6908266
322	-6908266
323	-6908266
324	-6908266
325	-6908266
326	-6908266
327	-6908266
328	-6908266
329	-6908266
330	-6908266
331	-6908266
332	-6908266
333	-6908266
334	-6908266
335	-6908266
336	-6908266
337	-6908266
338	-6908266
339	-6908266
340	-6908266
341	-6908266
342	-6908266
343	-6908266
344	-6908266
345	-6908266
346	-6908266
347	-6908266
348	-6908266
349	-6908266
350	-6908266
351	-6908266
352	-6908266
353	-6908266
354	-6908266
355	-6908266
356	-6908266
357	-6908266
358	-6908266
359	-6908266
360	-6908266
361	-6908266
362	-6908266
363	-6908266
364	-6908266
365	-6908266
366	-6908266
367	-6908266
368	-6908266
369	-6908266
370	-6908266
371	-6908266
372	-6908266
373	-6908266
374	-6908266
375	-6908266
376	-6908266
377	-6908266
378	-6908266
379	-6908266
380	-6908266
381	-6908266
382	-6908266
383	-6908266
384	-6908266
385	-6908266
386	-6908266
387	-6908266
388	-6908266
389	-6908266
390	-6908266
391	-6908266
392	-6908266
393	-6908266
394	-6908266
395	-6908266
396	-6908266
397	-6908266
398	-6908266
399	-6908266
400	-6908266
401	-6908266
402	-6908266
403	-6908266
404	-6908266
405	-6908266
406	-6908266
407	-6908266
408	-6908266
409	-6908266
410	-6908266
411	-6908266
412	-6908266
413	-6908266
414	-6908266
415	-6908266
416	-6908266
417	-6908266
418	-6908266
419	-6908266
420	-6908266
421	-6908266
422	-6908266
423	-6908266
424	-6908266
425	-6908266
426	-6908266
427	-6908266
428	-6908266
429	-6908266
430	-6908266
431	-6908266
432	-6908266
433	-6908266
434	-6908266
435	-6908266
436	-6908266
437	-6908266
438	-6908266
439	-6908266
440	-6908266
441	-6908266
442	-6908266
443	-6908266
444	-6908266
445	-6908266
446	-6908266
447	-6908266
448	-6908266
449	-6908266
450	-6908266
451	-6908266
452	-6908266
453	-6908266
454	-6908266
455	-6908266
456	-6908266
457	-6908266
458	-6908266
459	-6908266
460	-6908266
461	-6908266
462	-6908266
463	-6908266
464	-6908266
465	-6908266
466	-6908266
467	-6908266
468	-6908266
469	-6908266
470	-6908266
471	-6908266
472	-6908266
473	-6908266
474	-6908266
475	-6908266
476	-6908266
477	-6908266
478	-6908266
479	-6908266
480	-6908266
481	-6908266
482	-6908266
483	-6908266
484	-6908266
485	-6908266
486	-6908266
487	-6908266
488	-6908266
489	-6908266
490	-6908266
491	-6908266
492	-6908266
493	-6908266
494	-6908266
495	-6908266
496	-6908266
497	-6908266
498	-6908266
499	-6908266
500	-6908266
501	-6908266
502	-6908266
503	-6908266
504	-6908266
505	-6908266
506	-6908266
507	-6908266
508	-6908266
509	-6908266
510	-6908266
511	-6908266
512	-6908266
513	-6908266
514	-6908266
515	-6908266
516	-6908266
517	-6908266
518	-6908266
519	-6908266
520	-6908266
521	-6908266
522	-6908266
523	-6908266
524	-6908266
525	-6908266
526	-6908266
527	-6908266
528	-6908266
529	-6908266
530	-6908266
531	-6908266
532	-6908266
533	-6908266
534	-6908266
535	-6908266
536	-6908266
537	-6908266
538	-6908266
539	-6908266
540	-6908266
541	-6908266
542	-6908266
543	-6908266
544	-6908266
545	-6908266
546	-6908266
547	-6908266
548	-6908266
549	-6908266
550	-6908266
551	-6908266
552	-6908266
553	-6908266
554	-6908266
555	-6908266
556	-6908266
557	-6908266
558	-6908266
559	-6908266
560	-6908266
561	-6908266
562	-6908266
563	-6908266
564	-6908266
565	-6908266
566	-6908266
567	-6908266
568	-6908266
569	-6908266
570	-6908266
571	-6908266
572	-6908266
573	-6908266
574	-6908266
575	-6908266
576	-6908266
577	-6908266
578	-6908266
579	-6908266
580	-6908266
581	-6908266
582	-6908266
583	-6908266
584	-6908266
585	-6908266
586	-6908266
587	-6908266
588	-6908266
589	-6908266
590	-6908266
591	-6908266
592	-6908266
593	-6908266
594	-6908266
595	-6908266
596	-6908266
597	-6908266
598	-6908266
599	-6908266
600	-6908266
601	-6908266
602	-6908266
603	-6908266
604	-6908266
605	-6908266
606	-6908266
607	-6908266
608	-6908266
609	-6908266
610	-6908266
611	-6908266
612	-6908266
613	-6908266
614	-6908266
615	-6908266
616	-6908266
617	-6908266
618	-6908266
619	-6908266
620	-6908266
621	-6908266
622	-6908266
623	-6908266
624	-6908266
625	-6908266
626	-6908266
627	-6908266
628	-6908266
629	-6908266
630	-6908266
631	-6908266
632	-6908266
633	-6908266
634	-6908266
635	-6908266
636	-6908266
637	-6908266
638	-6908266
639	-6908266
640	-6908266
641	-6908266
642	-6908266
643	-6908266
644	-6908266
645	-6908266
646	-6908266
647	-6908266
648	-6908266
649	-6908266
650	-6908266
651	-6908266
652	-6908266
653	-6908266
654	-6908266
655	-6908266
656	-6908266
657	-6908266
658	-6908266
659	-6908266
660	-6908266
661	-6908266
662	-6908266
663	-6908266
664	-6908266
665	-6908266
666	-6908266
667	-6908266
668	-6908266
669	-6908266
670	-6908266
671	-6908266
672	-6908266
673	-6908266
674	-6908266
675	-6908266
676	-6908266
677	-6908266
678	-6908266
679	-6908266
680	-6908266
681	-6908266
682	-6908266
683	-6908266
684	-6908266
685	-6908266
686	-6908266
687	-6908266
688	-6908266
689	-6908266
690	-6908266
691	-6908266
692	-6908266
693	-6908266
694	-6908266
695	-6908266
696	-6908266
697	-6908266
698	-6908266
699	-6908266
700	-6908266
701	-6908266
702	-6908266
703	-6908266
704	-6908266
705	-6908266
706	-6908266
707	-6908266
708	-6908266
709	-6908266
710	-6908266
711	-6908266
712	-6908266
713	-6908266
714	-6908266
715	-6908266
716	-6908266
717	-6908266
718	-6908266
719	-6908266
720	-6908266
721	-6908266
722	-6908266
723	-6908266
724	-6908266
725	-6908266
726	-6908266
727	-6908266
728	-6908266
729	-6908266
730	-6908266
731	-6908266
732	-6908266
733	-6908266
734	-6908266
735	-6908266
736	-6908266
737	-6908266
738	-6908266
739	-6908266
740	-6908266
741	-6908266
742	-6908266
743	-6908266
744	-6908266
745	-6908266
746	-6908266
747	-6908266
748	-6908266
749	-6908266
750	-6908266
751	-6908266
752	-6908266
753	-6908266
754	-6908266
755	-6908266
756	-6908266
757	-6908266
758	-6908266
759	-6908266
760	-6908266
761	-6908266
762	-6908266
763	-6908266
764	-6908266
765	-6908266
766	-6908266
767	-6908266
768	-6908266
769	-6908266
770	-6908266
771	-6908266
772	-6908266
773	-6908266
774	-6908266
775	-6908266
776	-6908266
777	-6908266
778	-6908266
779	-6908266
780	-6908266
781	-6908266
782	-6908266
783	-6908266
784	-6908266
785	-6908266
786	-6908266
787	-6908266
788	-6908266
789	-6908266
790	-6908266
791	-6908266
792	-6908266
793	-6908266
794	-6908266
795	-6908266
796	-6908266
797	-6908266
798	-6908266
799	-6908266
800	-6908266
801	-6908266
802	-6908266
803	-6908266
804	-6908266
805	-6908266
806	-6908266
807	-6908266
808	-6908266
809	-6908266
810	-6908266
811	-6908266
812	-6908266
813	-6908266
814	-6908266
815	-6908266
816	-6908266
817	-6908266
818	-6908266
819	-6908266
820	-6908266
821	-6908266
822	-6908266
823	-6908266
824	-6908266
825	-6908266
826	-6908266
827	-6908266
828	-6908266
829	-6908266
830	-6908266
831	-6908266
832	-6908266
833	-6908266
834	-6908266
835	-6908266
836	-6908266
837	-6908266
838	-6908266
839	-6908266
840	-6908266
841	-6908266
842	-6908266
843	-6908266
844	-6908266
845	-6908266
846	-6908266
847	-6908266
848	-6908266
849	-6908266
850	-6908266
851	-6908266
852	-6908266
853	-6908266
854	-6908266
855	-6908266
856	-6908266
857	-6908266
858	-6908266
859	-6908266
860	-6908266
861	-6908266
862	-6908266
863	-6908266
864	-6908266
865	-6908266
866	-6908266
867	-6908266
868	-6908266
869	-6908266
870	-6908266
871	-6908266
872	-6908266
873	-6908266
874	-6908266
875	-6908266
876	-6908266
877	-6908266
878	-6908266
879	-6908266
880	-6908266
881	-6908266
882	-6908266
883	-6908266
884	-6908266
885	-6908266
886	-6908266
887	-6908266
888	-6908266
889	-6908266
890	-6908266
891	-6908266
892	-6908266
893	-6908266
894	-6908266
895	-6908266
896	-6908266
897	-6908266
898	-6908266
899	-6908266
900	-6908266
901	-6908266
902	-6908266
903	-6908266
904	-6908266
905	-6908266
906	-6908266
907	-6908266
908	-6908266
909	-6908266
910	-6908266
911	-6908266
912	-6908266
913	-6908266
914	-6908266
915	-6908266
916	-6908266
917	-6908266
918	-6908266
919	-6908266
920	-6908266
921	-6908266
922	-6908266
923	-6908266
924	-6908266
925	-6908266
926	-6908266
927	-6908266
928	-6908266
929	-6908266
930	-6908266
931	-6908266
932	-6908266
933	-6908266
934	-6908266
935	-6908266
936	-6908266
937	-6908266
938	-6908266
939	-6908266
940	-6908266
941	-6908266
942	-6908266
943	-6908266
944	-6908266
945	-6908266
946	-6908266
947	-6908266
948	-6908266
949	-6908266
950	-6908266
951	-6908266
952	-6908266
953	-6908266
954	-6908266
955	-6908266
956	-6908266
957	-6908266
958	-6908266
959	-6908266
960	-6908266
961	-6908266
962	-6908266
963	-6908266
964	-6908266
965	-6908266
966	-6908266
967	-6908266
968	-6908266
969	-6908266
970	-6908266
971	-6908266
972	-6908266
973	-6908266
974	-6908266
975	-6908266
976	-6908266
977	-6908266
978	-6908266
979	-6908266
980	-6908266
981	-6908266
982	-6908266
983	-6908266
984	-6908266
985	-6908266
986	-6908266
987	-6908266
988	-6908266
989	-6908266
990	-6908266
991	-6908266
992	-6908266
993	-6908266
994	-6908266
995	-6908266
996	-6908266
997	-6908266
998	-6908266
999	-6908266
1000	-6908266
1001	-6908266
1002	-6908266
1003	-6908266
1004	-6908266
1005	-6908266
1006	-6908266
1007	-6908266
1008	-6908266
1009	-6908266
1010	-6908266
1011	-6908266
1012	-6908266
1013	-6908266
1014	-6908266
1015	-6908266
1016	-6908266
1017	-6908266
1018	-6908266
1019	-6908266
1020	-6908266
1021	-6908266
1022	-6908266
1023	-6908266
1024	-6908266
1025	-6908266
1026	-6908266
1027	-6908266
1028	-6908266
1029	-6908266
1030	-6908266
1031	-6908266
1032	-6908266
1033	-6908266
1034	-6908266
1035	-6908266
1036	-6908266
1037	-6908266
1038	-6908266
1039	-6908266
1040	-6908266
1041	-6908266
1042	-6908266
1043	-6908266
1044	-6908266
1045	-6908266
1046	-6908266
1047	-6908266
1048	-6908266
1049	-6908266
1050	-6908266
1051	-6908266
1052	-6908266
1053	-6908266
1054	-6908266
1055	-6908266
1056	-6908266
1057	-6908266
1058	-6908266
1059	-6908266
1060	-6908266
1061	-6908266
1062	-6908266
1063	-6908266
1064	-6908266
1065	-6908266
1066	-6908266
1067	-6908266
1068	-6908266
1069	-6908266
1070	-6908266
1071	-6908266
1072	-6908266
1073	-6908266
1074	-6908266
1075	-6908266
1076	-6908266
1077	-6908266
1078	-6908266
1079	-6908266
1080	-6908266
1081	-6908266
1082	-6908266
1083	-6908266
1084	-6908266
1085	-6908266
1086	-6908266
1087	-6908266
1088	-6908266
1089	-6908266
1090	-6908266
1091	-6908266
1092	-6908266
1093	-6908266
1094	-6908266
1095	-6908266
1096	-6908266
1097	-6908266
1098	-6908266
1099	-6908266
1100	-6908266
1101	-6908266
1102	-6908266
1103	-6908266
1104	-6908266
1105	-6908266
1106	-6908266
1107	-6908266
1108	-6908266
1109	-6908266
1110	-6908266
1111	-6908266
1112	-6908266
1113	-6908266
1114	-6908266
1115	-6908266
1116	-6908266
1117	-6908266
1118	-6908266
1119	-6908266
1120	-6908266
1121	-6908266
1122	-6908266
1123	-6908266
1124	-6908266
1125	-6908266
1126	-6908266
1127	-6908266
1128	-6908266
1129	-6908266
1130	-6908266
1131	-6908266
1132	-6908266
1133	-6908266
1134	-6908266
1135	-6908266
1136	-6908266
1137	-6908266
1138	-6908266
1139	-6908266
1140	-6908266
1141	-6908266
1142	-6908266
1143	-6908266
1144	-6908266
1145	-6908266
1146	-6908266
1147	-6908266
1148	-6908266
1149	-6908266
1150	-6908266
1151	-6908266
1152	-6908266
1153	-6908266
1154	-6908266
1155	-6908266
1156	-6908266
1157	-6908266
1158	-6908266
1159	-6908266
1160	-6908266
1161	-6908266
1162	-6908266
1163	-6908266
1164	-6908266
1165	-6908266
1166	-6908266
1167	-6908266
1168	-6908266
1169	-6908266
1170	-6908266
1171	-6908266
1172	-6908266
1173	-6908266
1174	-6908266
1175	-6908266
1176	-6908266
1177	-6908266
1178	-6908266
1179	-6908266
1180	-6908266
1181	-6908266
1182	-6908266
1183	-6908266
1184	-6908266
1185	-6908266
1186	-6908266
1187	-6908266
1188	-6908266
1189	-6908266
1190	-6908266
1191	-6908266
1192	-6908266
1193	-6908266
1194	-6908266
1195	-6908266
1196	-6908266
1197	-6908266
1198	-6908266
1199	-6908266
1200	-6908266
1201	-6908266
1202	-6908266
1203	-6908266
1204	-6908266
1205	-6908266
1206	-6908266
1207	-6908266
1208	-6908266
1209	-6908266
1210	-6908266
1211	-6908266
1212	-6908266
1213	-6908266
1214	-6908266
1215	-6908266
1216	-6908266
1217	-6908266
1218	-6908266
1219	-6908266
1220	-6908266
1221	-6908266
1222	-6908266
1223	-6908266
1224	-6908266
1225	-6908266
1226	-6908266
1227	-6908266
1228	-6908266
1229	-6908266
1230	-6908266
1231	-6908266
1232	-6908266
1233	-6908266
1234	-6908266
1235	-6908266
1236	-6908266
1237	-6908266
1238	-6908266
1239	-6908266
1240	-6908266
1241	-6908266
1242	-6908266
1243	-6908266
1244	-6908266
1245	-6908266
1246	-6908266
1247	-6908266
1248	-6908266
1249	-6908266
1250	-6908266
1251	-6908266
1252	-6908266
1253	-6908266
1254	-6908266
1255	-6908266
1256	-6908266
1257	-6908266
1258	-6908266
1259	-6908266
1260	-6908266
1261	-6908266
1262	-6908266
1263	-6908266
1264	-6908266
1265	-6908266
1266	-6908266
1267	-6908266
1268	-6908266
1269	-6908266
1270	-6908266
1271	-6908266
1272	-6908266
1273	-6908266
1274	-6908266
1275	-6908266
1276	-6908266
1277	-6908266
1278	-6908266
1279	-6908266
1280	-6908266
1281	-6908266
1282	-6908266
1283	-6908266
1284	-6908266
1285	-6908266
1286	-6908266
1287	-6908266
1288	-6908266
1289	-6908266
1290	-6908266
1291	-6908266
1292	-6908266
1293	-6908266
1294	-6908266
1295	-6908266
1296	-6908266
1297	-6908266
1298	-6908266
1299	-6908266
1300	-6908266
1301	-6908266
1302	-6908266
1303	-6908266
1304	-6908266
1305	-6908266
1306	-6908266
1307	-6908266
1308	-6908266
1309	-6908266
1310	-6908266
1311	-6908266
1312	-6908266
1313	-6908266
1314	-6908266
1315	-6908266
1316	-6908266
1317	-6908266
1318	-6908266
1319	-6908266
1320	-6908266
1321	-6908266
1322	-6908266
1323	-6908266
1324	-6908266
1325	-6908266
1326	-6908266
1327	-6908266
1328	-6908266
1329	-6908266
1330	-6908266
1331	-6908266
1332	-6908266
1333	-6908266
1334	-6908266
1335	-6908266
1336	-6908266
1337	-6908266
1338	-6908266
1339	-6908266
1340	-6908266
1341	-6908266
1342	-6908266
1343	-6908266
1344	-6908266
1345	-6908266
1346	-6908266
1347	-6908266
1348	-6908266
1349	-6908266
1350	-6908266
1351	-6908266
1352	-6908266
1353	-6908266
1354	-6908266
1355	-6908266
1356	-6908266
1357	-6908266
1358	-6908266
1359	-6908266
1360	-6908266
1361	-6908266
1362	-6908266
1363	-6908266
1364	-6908266
1365	-6908266
1366	-6908266
1367	-6908266
1368	-6908266
1369	-6908266
1370	-6908266
1371	-6908266
1372	-6908266
1373	-6908266
1374	-6908266
1375	-6908266
1376	-6908266
1377	-6908266
1378	-6908266
1379	-6908266
1380	-6908266
1381	-6908266
1382	-6908266
1383	-6908266
1384	-6908266
1385	-6908266
1386	-6908266
1387	-6908266
1388	-6908266
1389	-6908266
1390	-6908266
1391	-6908266
1392	-6908266
1393	-6908266
1394	-6908266
1395	-6908266
1396	-6908266
1397	-6908266
1398	-6908266
1399	-6908266
1400	-6908266
1401	-6908266
1402	-6908266
1403	-6908266
1404	-6908266
1405	-6908266
1406	-6908266
1407	-6908266
1408	-6908266
1409	-6908266
1410	-6908266
1411	-6908266
1412	-6908266
1413	-6908266
1414	-6908266
1415	-6908266
1416	-6908266
1417	-6908266
1418	-6908266
1419	-6908266
1420	-6908266
1421	-6908266
1422	-6908266
1423	-6908266
1424	-6908266
1425	-6908266
1426	-6908266
1427	-6908266
1428	-6908266
1429	-6908266
1430	-6908266
1431	-6908266
1432	-6908266
1433	-6908266
1434	-6908266
1435	-6908266
1436	-6908266
1437	-6908266
1438	-6908266
1439	-6908266
1440	-6908266
1441	-6908266
1442	-6908266
1443	-6908266
1444	-6908266
1445	-6908266
1446	-6908266
1447	-6908266
1448	-6908266
1449	-6908266
1450	-6908266
1451	-6908266
1452	-6908266
1453	-6908266
1454	-6908266
1455	-6908266
1456	-6908266
1457	-6908266
1458	-6908266
1459	-6908266
1460	-6908266
1461	-6908266
1462	-6908266
1463	-6908266
1464	-6908266
1465	-6908266
1466	-6908266
1467	-6908266
1468	-6908266
1469	-6908266
1470	-6908266
1471	-6908266
1472	-6908266
1473	-6908266
1474	-6908266
1475	-6908266
1476	-6908266
1477	-6908266
1478	-6908266
1479	-6908266
1480	-6908266
1481	-6908266
1482	-6908266
1483	-6908266
1484	-6908266
1485	-6908266
1486	-6908266
1487	-6908266
1488	-6908266
1489	-6908266
1490	-6908266
1491	-6908266
1492	-6908266
1493	-6908266
1494	-6908266
1495	-6908266
1496	-6908266
1497	-6908266
1498	-6908266
1499	-6908266
1500	-6908266
1501	-6908266
1502	-6908266
1503	-6908266
1504	-6908266
1505	-6908266
1506	-6908266
1507	-6908266
1508	-6908266
1509	-6908266
1510	-6908266
1511	-6908266
1512	-6908266
1513	-6908266
1514	-6908266
1515	-6908266
1516	-6908266
1517	-6908266
1518	-6908266
1519	-6908266
1520	-6908266
1521	-6908266
1522	-6908266
1523	-6908266
1524	-6908266
1525	-6908266
1526	-6908266
1527	-6908266
1528	-6908266
1529	-6908266
1530	-6908266
1531	-6908266
1532	-6908266
1533	-6908266
1534	-6908266
1535	-6908266
1536	-6908266
1537	-6908266
1538	-6908266
1539	-6908266
1540	-6908266
1541	-6908266
1542	-6908266
1543	-6908266
1544	-6908266
1545	-6908266
1546	-6908266
1547	-6908266
1548	-6908266
1549	-6908266
1550	-6908266
1551	-6908266
1552	-6908266
1553	-6908266
1554	-6908266
1555	-6908266
1556	-6908266
1557	-6908266
1558	-6908266
1559	-6908266
1560	-6908266
1561	-6908266
1562	-6908266
1563	-6908266
1564	-6908266
1565	-6908266
1566	-6908266
1567	-6908266
1568	-6908266
1569	-6908266
1570	-6908266
1571	-6908266
1572	-6908266
1573	-6908266
1574	-6908266
1575	-6908266
1576	-6908266
1577	-6908266
1578	-6908266
1579	-6908266
1580	-6908266
1581	-6908266
1582	-6908266
1583	-6908266
1584	-6908266
1585	-6908266
1586	-6908266
1587	-6908266
1588	-6908266
1589	-6908266
1590	-6908266
1591	-6908266
1592	-6908266
1593	-6908266
1594	-6908266
1595	-6908266
1596	-6908266
1597	-6908266
1598	-6908266
1599	-6908266
1600	-6908266
1601	-6908266
1602	-6908266
1603	-6908266
1604	-6908266
1605	-6908266
1606	-6908266
1607	-6908266
1608	-6908266
1609	-6908266
1610	-6908266
1611	-6908266
1612	-6908266
1613	-6908266
1614	-6908266
1615	-6908266
1616	-6908266
1617	-6908266
1618	-6908266
1619	-6908266
1620	-6908266
1621	-6908266
1622	-6908266
1623	-6908266
1624	-6908266
1625	-6908266
1626	-6908266
1627	-6908266
1628	-6908266
1629	-6908266
1630	-6908266
1631	-6908266
1632	-6908266
1633	-6908266
1634	-6908266
1635	-6908266
1636	-6908266
1637	-6908266
1638	-6908266
1639	-6908266
1640	-6908266
1641	-6908266
1642	-6908266
1643	-6908266
1644	-6908266
1645	-6908266
1646	-6908266
1647	-6908266
1648	-6908266
1649	-6908266
1650	-6908266
1651	-6908266
1652	-6908266
1653	-6908266
1654	-6908266
1655	-6908266
1656	-6908266
1657	-6908266
1658	-6908266
1659	-6908266
1660	-6908266
1661	-6908266
1662	-6908266
1663	-6908266
1664	-6908266
1665	-6908266
1666	-6908266
1667	-6908266
1668	-6908266
1669	-6908266
1670	-6908266
1671	-6908266
1672	-6908266
1673	-6908266
1674	-6908266
1675	-6908266
1676	-6908266
1677	-6908266
1678	-6908266
1679	-6908266
1680	-6908266
1681	-6908266
1682	-6908266
1683	-6908266
1684	-6908266
1685	-6908266
1686	-6908266
1687	-6908266
1688	-6908266
1689	-6908266
1690	-6908266
1691	-6908266
1692	-6908266
1693	-6908266
1694	-6908266
1695	-6908266
1696	-6908266
1697	-6908266
1698	-6908266
1699	-6908266
1700	-6908266
1701	-6908266
1702	-6908266
1703	-6908266
1704	-6908266
1705	-6908266
1706	-6908266
1707	-6908266
1708	-6908266
1709	-6908266
1710	-6908266
1711	-6908266
1712	-6908266
1713	-6908266
1714	-6908266
1715	-6908266
1716	-6908266
1717	-6908266
1718	-6908266
1719	-6908266
1720	-6908266
1721	-6908266
1722	-6908266
1723	-6908266
1724	-6908266
1725	-6908266
1726	-6908266
1727	-6908266
1728	-6908266
1729	-6908266
1730	-6908266
1731	-6908266
1732	-6908266
1733	-6908266
1734	-6908266
1735	-6908266
1736	-6908266
1737	-6908266
1738	-6908266
1739	-6908266
1740	-6908266
1741	-6908266
1742	-6908266
1743	-6908266
1744	-6908266
1745	-6908266
1746	-6908266
1747	-6908266
1748	-6908266
1749	-6908266
1750	-6908266
1751	-6908266
1752	-6908266
1753	-6908266
1754	-6908266
1755	-6908266
1756	-6908266
1757	-6908266
1758	-6908266
1759	-6908266
1760	-6908266
1761	-6908266
1762	-6908266
1763	-6908266
1764	-6908266
1765	-6908266
1766	-6908266
1767	-6908266
1768	-6908266
1769	-6908266
1770	-6908266
1771	-6908266
1772	-6908266
1773	-6908266
1774	-6908266
1775	-6908266
1776	-6908266
1777	-6908266
1778	-6908266
1779	-6908266
1780	-6908266
1781	-6908266
1782	-6908266
1783	-6908266
1784	-6908266
1785	-6908266
1786	-6908266
1787	-6908266
1788	-6908266
1789	-6908266
1790	-6908266
1791	-6908266
1792	-6908266
1793	-6908266
1794	-6908266
1795	-6908266
1796	-6908266
1797	-6908266
1798	-6908266
1799	-6908266
1800	-6908266
1801	-6908266
1802	-6908266
1803	-6908266
1804	-6908266
1805	-6908266
1806	-6908266
1807	-6908266
1808	-6908266
1809	-6908266
1810	-6908266
1811	-6908266
1812	-6908266
1813	-6908266
1814	-6908266
1815	-6908266
1816	-6908266
1817	-6908266
1818	-6908266
1819	-6908266
1820	-6908266
1821	-6908266
1822	-6908266
1823	-6908266
1824	-6908266
1825	-6908266
1826	-6908266
1827	-6908266
1828	-6908266
1829	-6908266
1830	-6908266
1831	-6908266
1832	-6908266
1833	-6908266
1834	-6908266
1835	-6908266
1836	-6908266
1837	-6908266
1838	-6908266
1839	-6908266
1840	-6908266
1841	-6908266
1842	-6908266
1843	-6908266
1844	-6908266
1845	-6908266
1846	-6908266
1847	-6908266
1848	-6908266
1849	-6908266
1850	-6908266
1851	-6908266
1852	-6908266
1853	-6908266
1854	-6908266
1855	-6908266
1856	-6908266
1857	-6908266
1858	-6908266
1859	-6908266
1860	-6908266
1861	-6908266
1862	-6908266
1863	-6908266
1864	-6908266
1865	-6908266
1866	-6908266
1867	-6908266
1868	-6908266
1869	-6908266
1870	-6908266
1871	-6908266
1872	-6908266
1873	-6908266
1874	-6908266
1875	-6908266
1876	-6908266
1877	-6908266
1878	-6908266
1879	-6908266
1880	-6908266
1881	-6908266
1882	-6908266
1883	-6908266
1884	-6908266
1885	-6908266
1886	-6908266
1887	-6908266
1888	-6908266
1889	-6908266
1890	-6908266
1891	-6908266
1892	-6908266
1893	-6908266
1894	-6908266
1895	-6908266
1896	-6908266
1897	-6908266
1898	-6908266
1899	-6908266
1900	-6908266
1901	-6908266
1902	-6908266
1903	-6908266
1904	-6908266
1905	-6908266
1906	-6908266
1907	-6908266
1908	-6908266
1909	-6908266
1910	-6908266
1911	-6908266
1912	-6908266
1913	-6908266
1914	-6908266
1915	-6908266
1916	-6908266
1917	-6908266
1918	-6908266
1919	-6908266
1920	-6908266
1921	-6908266
1922	-6908266
1923	-6908266
1924	-6908266
1925	-6908266
1926	-6908266
1927	-6908266
1928	-6908266
1929	-6908266
1930	-6908266
1931	-6908266
1932	-6908266
1933	-6908266
1934	-6908266
1935	-6908266
1936	-6908266
1937	-6908266
1938	-6908266
1939	-6908266
1940	-6908266
1941	-6908266
1942	-6908266
1943	-6908266
1944	-6908266
1945	-6908266
1946	-6908266
1947	-6908266
1948	-6908266
1949	-6908266
1950	-6908266
1951	-6908266
1952	-6908266
1953	-6908266
1954	-6908266
1955	-6908266
1956	-6908266
1957	-6908266
1958	-6908266
1959	-6908266
1960	-6908266
1961	-6908266
1962	-6908266
1963	-6908266
1964	-6908266
1965	-6908266
1966	-6908266
1967	-6908266
1968	-6908266
1969	-6908266
1970	-6908266
1971	-6908266
1972	-6908266
1973	-6908266
1974	-6908266
1975	-6908266
1976	-6908266
1977	-6908266
1978	-6908266
1979	-6908266
1980	-6908266
1981	-6908266
1982	-6908266
1983	-6908266
1984	-6908266
1985	-6908266
1986	-6908266
1987	-6908266
1988	-6908266
1989	-6908266
1990	-6908266
1991	-6908266
1992	-6908266
1993	-6908266
1994	-6908266
1995	-6908266
1996	-6908266
1997	-6908266
1998	-6908266
1999	-6908266
2000	-6908266
2001	-6908266
2002	-6908266
2003	-6908266
2004	-6908266
2005	-6908266
2006	-6908266
2007	-6908266
2008	-6908266
2009	-6908266
2010	-6908266
2011	-6908266
2012	-6908266
2013	-6908266
2014	-6908266
2015	-6908266
2016	-6908266
2017	-6908266
2018	-6908266
2019	-6908266
2020	-6908266
2021	-6908266
2022	-6908266
2023	-6908266
2024	-6908266
2025	-6908266
2026	-6908266
2027	-6908266
2028	-6908266
2029	-6908266
2030	-6908266
2031	-6908266
2032	-6908266
2033	-6908266
2034	-6908266
2035	-6908266
2036	-6908266
2037	-6908266
2038	-6908266
2039	-6908266
2040	-6908266
2041	-6908266
2042	-6908266
2043	-6908266
2044	-6908266
2045	-6908266
2046	-6908266
2047	-6908266
2048	-6908266
2049	-6908266
2050	-6908266
2051	-6908266
2052	-6908266
2053	-6908266
2054	-6908266
2055	-6908266
2056	-6908266
2057	-6908266
2058	-6908266
2059	-6908266
2060	-6908266
2061	-6908266
2062	-6908266
2063	-6908266
2064	-6908266
2065	-6908266
2066	-6908266
2067	-6908266
2068	-6908266
2069	-6908266
2070	-6908266
2071	-6908266
2072	-6908266
2073	-6908266
2074	-6908266
2075	-6908266
2076	-6908266
2077	-6908266
2078	-6908266
2079	-6908266
2080	-6908266
2081	-6908266
2082	-6908266
2083	-6908266
2084	-6908266
2085	-6908266
2086	-6908266
2087	-6908266
2088	-6908266
2089	-6908266
2090	-6908266
2091	-6908266
2092	-6908266
2093	-6908266
2094	-6908266
2095	-6908266
2096	-6908266
2097	-6908266
2098	-6908266
2099	-6908266
2100	-6908266
2101	-6908266
2102	-6908266
2103	-6908266
2104	-6908266
2105	-6908266
2106	-6908266
2107	-6908266
2108	-6908266
2109	-6908266
2110	-6908266
2111	-6908266
2112	-6908266
2113	-6908266
2114	-6908266
2115	-6908266
2116	-6908266
2117	-6908266
2118	-6908266
2119	-6908266
2120	-6908266
2121	-6908266
2122	-6908266
2123	-6908266
2124	-6908266
2125	-6908266
2126	-6908266
2127	-6908266
2128	-6908266
2129	-6908266
2130	-6908266
2131	-6908266
2132	-6908266
2133	-6908266
2134	-6908266
2135	-6908266
2136	-6908266
2137	-6908266
2138	-6908266
2139	-6908266
2140	-6908266
2141	-6908266
2142	-6908266
2143	-6908266
2144	-6908266
2145	-6908266
2146	-6908266
2147	-6908266
2148	-6908266
2149	-6908266
2150	-6908266
2151	-6908266
2152	-6908266
2153	-6908266
2154	-6908266
2155	-6908266
2156	-6908266
2157	-6908266
2158	-6908266
2159	-6908266
2160	-6908266
2161	-6908266
2162	-6908266
2163	-6908266
2164	-6908266
2165	-6908266
2166	-6908266
2167	-6908266
2168	-6908266
2169	-6908266
2170	-6908266
2171	-6908266
2172	-6908266
2173	-6908266
2174	-6908266
2175	-6908266
2176	-6908266
2177	-6908266
2178	-6908266
2179	-6908266
2180	-6908266
2181	-6908266
2182	-6908266
2183	-6908266
2184	-6908266
2185	-6908266
2186	-6908266
2187	-6908266
2188	-6908266
2189	-6908266
2190	-6908266
2191	-6908266
2192	-6908266
2193	-6908266
2194	-6908266
2195	-6908266
2196	-6908266
2197	-6908266
2198	-6908266
2199	-6908266
2200	-6908266
2201	-6908266
2202	-6908266
2203	-6908266
2204	-6908266
2205	-6908266
2206	-6908266
2207	-6908266
2208	-6908266
2209	-6908266
2210	-6908266
2211	-6908266
2212	-6908266
2213	-6908266
2214	-6908266
2215	-6908266
2216	-6908266
2217	-6908266
2218	-6908266
2219	-6908266
2220	-6908266
2221	-6908266
2222	-6908266
2223	-6908266
2224	-6908266
2225	-6908266
2226	-6908266
2227	-6908266
2228	-6908266
2229	-6908266
2230	-6908266
2231	-6908266
2232	-6908266
2233	-6908266
2234	-6908266
2235	-6908266
2236	-6908266
2237	-6908266
2238	-6908266
2239	-6908266
2240	-6908266
2241	-6908266
2242	-6908266
2243	-6908266
2244	-6908266
2245	-6908266
2246	-6908266
2247	-6908266
2248	-6908266
2249	-6908266
2250	-6908266
2251	-6908266
2252	-6908266
2253	-6908266
2254	-6908266
2255	-6908266
2256	-6908266
2257	-6908266
2258	-6908266
2259	-6908266
2260	-6908266
2261	-6908266
2262	-6908266
2263	-6908266
2264	-6908266
2265	-6908266
2266	-6908266
2267	-6908266
2268	-6908266
2269	-6908266
2270	-6908266
2271	-6908266
2272	-6908266
2273	-6908266
2274	-6908266
2275	-6908266
2276	-6908266
2277	-6908266
2278	-6908266
2279	-6908266
2280	-6908266
2281	-6908266
2282	-6908266
2283	-6908266
2284	-6908266
2285	-6908266
2286	-6908266
2287	-6908266
2288	-6908266
2289	-6908266
2290	-6908266
2291	-6908266
2292	-6908266
2293	-6908266
2294	-6908266
2295	-6908266
2296	-6908266
2297	-6908266
2298	-6908266
2299	-6908266
2300	-6908266
2301	-6908266
2302	-6908266
2303	-6908266
2304	-6908266
2305	-6908266
2306	-6908266
2307	-6908266
2308	-6908266
2309	-6908266
2310	-6908266
2311	-6908266
2312	-6908266
2313	-6908266
2314	-6908266
2315	-6908266
2316	-6908266
2317	-6908266
2318	-6908266
2319	-6908266
2320	-6908266
2321	-6908266
2322	-6908266
2323	-6908266
2324	-6908266
2325	-6908266
2326	-6908266
2327	-6908266
2328	-6908266
2329	-6908266
2330	-6908266
2331	-6908266
2332	-6908266
2333	-6908266
2334	-6908266
2335	-6908266
2336	-6908266
2337	-6908266
2338	-6908266
2339	-6908266
2340	-6908266
2341	-6908266
2342	-6908266
2343	-6908266
2344	-6908266
2345	-6908266
2346	-6908266
2347	-6908266
2348	-6908266
2349	-6908266
2350	-6908266
2351	-6908266
2352	-6908266
2353	-6908266
2354	-6908266
2355	-6908266
2356	-6908266
2357	-6908266
2358	-6908266
2359	-6908266
2360	-6908266
2361	-6908266
2362	-6908266
2363	-6908266
2364	-6908266
2365	-6908266
2366	-6908266
2367	-6908266
2368	-6908266
2369	-6908266
2370	-6908266
2371	-6908266
2372	-6908266
2373	-6908266
2374	-6908266
2375	-6908266
2376	-6908266
2377	-6908266
2378	-6908266
2379	-6908266
2380	-6908266
2381	-6908266
2382	-6908266
2383	-6908266
2384	-6908266
2385	-6908266
2386	-6908266
2387	-6908266
2388	-6908266
2389	-6908266
2390	-6908266
2391	-6908266
2392	-6908266
2393	-6908266
2394	-6908266
2395	-6908266
2396	-6908266
2397	-6908266
2398	-6908266
2399	-6908266
2400	-6908266
2401	-6908266
2402	-6908266
2403	-6908266
2404	-6908266
2405	-6908266
2406	-6908266
2407	-6908266
2408	-6908266
2409	-6908266
2410	-6908266
2411	-6908266
2412	-6908266
2413	-6908266
2414	-6908266
2415	-6908266
2416	-6908266
2417	-6908266
2418	-6908266
2419	-6908266
2420	-6908266
2421	-6908266
2422	-6908266
2423	-6908266
2424	-6908266
2425	-6908266
2426	-6908266
2427	-6908266
2428	-6908266
2429	-6908266
2430	-6908266
2431	-6908266
2432	-6908266
2433	-6908266
2434	-6908266
2435	-6908266
2436	-6908266
2437	-6908266
2438	-6908266
2439	-6908266
2440	-6908266
2441	-6908266
2442	-6908266
2443	-6908266
2444	-6908266
2445	-6908266
2446	-6908266
2447	-6908266
2448	-6908266
2449	-6908266
2450	-6908266
2451	-6908266
2452	-6908266
2453	-6908266
2454	-6908266
2455	-6908266
2456	-6908266
2457	-6908266
2458	-6908266
2459	-6908266
2460	-6908266
2461	-6908266
2462	-6908266
2463	-6908266
2464	-6908266
2465	-6908266
2466	-6908266
2467	-6908266
2468	-6908266
2469	-6908266
2470	-6908266
2471	-6908266
2472	-6908266
2473	-6908266
2474	-6908266
2475	-6908266
2476	-6908266
2477	-6908266
2478	-6908266
2479	-6908266
2480	-6908266
2481	-6908266
2482	-6908266
2483	-6908266
2484	-6908266
2485	-6908266
2486	-6908266
2487	-6908266
2488	-6908266
2489	-6908266
2490	-6908266
2491	-6908266
2492	-6908266
2493	-6908266
2494	-6908266
2495	-6908266
2496	-6908266
2497	-6908266
2498	-6908266
2499	-6908266
2500	-6908266
2501	-6908266
2502	-6908266
2503	-6908266
2504	-6908266
2505	-6908266
2506	-6908266
2507	-6908266
2508	-6908266
2509	-6908266
2510	-6908266
2511	-6908266
2512	-6908266
2513	-6908266
2514	-6908266
2515	-6908266
2516	-6908266
2517	-6908266
2518	-6908266
2519	-6908266
2520	-6908266
2521	-6908266
2522	-6908266
2523	-6908266
2524	-6908266
2525	-6908266
2526	-6908266
2527	-6908266
2528	-6908266
2529	-6908266
2530	-6908266
2531	-6908266
2532	-6908266
2533	-6908266
2534	-6908266
2535	-6908266
2536	-6908266
2537	-6908266
2538	-6908266
2539	-6908266
2540	-6908266
2541	-6908266
2542	-6908266
2543	-6908266
2544	-6908266
2545	-6908266
2546	-6908266
2547	-6908266
2548	-6908266
2549	-6908266
2550	-6908266
2551	-6908266
2552	-6908266
2553	-6908266
2554	-6908266
2555	-6908266
2556	-6908266
2557	-6908266
2558	-6908266
2559	-6908266
2560	-6908266
2561	-6908266
2562	-6908266
2563	-6908266
2564	-6908266
2565	-6908266
2566	-6908266
2567	-6908266
2568	-6908266
2569	-6908266
2570	-6908266
2571	-6908266
2572	-6908266
2573	-6908266
2574	-6908266
2575	-6908266
2576	-6908266
2577	-6908266
2578	-6908266
2579	-6908266
2580	-6908266
2581	-6908266
2582	-6908266
2583	-6908266
2584	-6908266
2585	-6908266
2586	-6908266
2587	-6908266
2588	-6908266
2589	-6908266
2590	-6908266
2591	-6908266
2592	-6908266
2593	-6908266
2594	-6908266
2595	-6908266
2596	-6908266
2597	-6908266
2598	-6908266
2599	-6908266
2600	-6908266
2601	-6908266
2602	-6908266
2603	-6908266
2604	-6908266
2605	-6908266
2606	-6908266
2607	-6908266
2608	-6908266
2609	-6908266
2610	-6908266
2611	-6908266
2612	-6908266
2613	-6908266
2614	-6908266
2615	-6908266
2616	-6908266
2617	-6908266
2618	-6908266
2619	-6908266
2620	-6908266
2621	-6908266
2622	-6908266
2623	-6908266
2624	-6908266
2625	-6908266
2626	-6908266
2627	-6908266
2628	-6908266
2629	-6908266
2630	-6908266
2631	-6908266
2632	-6908266
2633	-6908266
2634	-6908266
2635	-6908266
2636	-6908266
2637	-6908266
2638	-6908266
2639	-6908266
2640	-6908266
2641	-6908266
2642	-6908266
2643	-6908266
2644	-6908266
2645	-6908266
2646	-6908266
2647	-6908266
2648	-6908266
2649	-6908266
2650	-6908266
2651	-6908266
2652	-6908266
2653	-6908266
2654	-6908266
2655	-6908266
2656	-6908266
2657	-6908266
2658	-6908266
2659	-6908266
2660	-6908266
2661	-6908266
2662	-6908266
2663	-6908266
2664	-6908266
2665	-6908266
2666	-6908266
2667	-6908266
2668	-6908266
2669	-6908266
2670	-6908266
2671	-6908266
2672	-6908266
2673	-6908266
2674	-6908266
2675	-6908266
2676	-6908266
2677	-6908266
2678	-6908266
2679	-6908266
2680	-6908266
2681	-6908266
2682	-6908266
2683	-6908266
2684	-6908266
2685	-6908266
2686	-6908266
2687	-6908266
2688	-6908266
2689	-6908266
2690	-6908266
2691	-6908266
2692	-6908266
2693	-6908266
2694	-6908266
2695	-6908266
2696	-6908266
2697	-6908266
2698	-6908266
2699	-6908266
2700	-6908266
2701	-6908266
2702	-6908266
2703	-6908266
2704	-6908266
2705	-6908266
2706	-6908266
2707	-6908266
2708	-6908266
2709	-6908266
2710	-6908266
2711	-6908266
2712	-6908266
2713	-6908266
2714	-6908266
2715	-6908266
2716	-6908266
2717	-6908266
2718	-6908266
2719	-6908266
2720	-6908266
2721	-6908266
2722	-6908266
2723	-6908266
2724	-6908266
2725	-6908266
2726	-6908266
2727	-6908266
2728	-6908266
2729	-6908266
2730	-6908266
2731	-6908266
2732	-6908266
2733	-6908266
2734	-6908266
2735	-6908266
2736	-6908266
2737	-6908266
2738	-6908266
2739	-6908266
2740	-6908266
2741	-6908266
2742	-6908266
2743	-6908266
2744	-6908266
2745	-6908266
2746	-6908266
2747	-6908266
2748	-6908266
2749	-6908266
2750	-6908266
2751	-6908266
2752	-6908266
2753	-6908266
2754	-6908266
2755	-6908266
2756	-6908266
2757	-6908266
2758	-6908266
2759	-6908266
2760	-6908266
2761	-6908266
2762	-6908266
2763	-6908266
2764	-6908266
2765	-6908266
2766	-6908266
2767	-6908266
2768	-6908266
2769	-6908266
2770	-6908266
2771	-6908266
2772	-6908266
2773	-6908266
2774	-6908266
2775	-6908266
2776	-6908266
2777	-6908266
2778	-6908266
2779	-6908266
2780	-6908266
2781	-6908266
2782	-6908266
2783	-6908266
2784	-6908266
2785	-6908266
2786	-6908266
2787	-6908266
2788	-6908266
2789	-6908266
2790	-6908266
2791	-6908266
2792	-6908266
2793	-6908266
2794	-6908266
2795	-6908266
2796	-6908266
2797	-6908266
2798	-6908266
2799	-6908266
2800	-6908266
2801	-6908266
2802	-6908266
2803	-6908266
2804	-6908266
2805	-6908266
2806	-6908266
2807	-6908266
2808	-6908266
2809	-6908266
2810	-6908266
2811	-6908266
2812	-6908266
2813	-6908266
2814	-6908266
2815	-6908266
2816	-6908266
2817	-6908266
2818	-6908266
2819	-6908266
2820	-6908266
2821	-6908266
2822	-6908266
2823	-6908266
2824	-6908266
2825	-6908266
2826	-6908266
2827	-6908266
2828	-6908266
2829	-6908266
2830	-6908266
2831	-6908266
2832	-6908266
2833	-6908266
2834	-6908266
2835	-6908266
2836	-6908266
2837	-6908266
2838	-6908266
2839	-6908266
2840	-6908266
2841	-6908266
2842	-6908266
2843	-6908266
2844	-6908266
2845	-6908266
2846	-6908266
2847	-6908266
2848	-6908266
2849	-6908266
2850	-6908266
2851	-6908266
2852	-6908266
2853	-6908266
2854	-6908266
2855	-6908266
2856	-6908266
2857	-6908266
2858	-6908266
2859	-6908266
2860	-6908266
2861	-6908266
2862	-6908266
2863	-6908266
2864	-6908266
2865	-6908266
2866	-6908266
2867	-6908266
2868	-6908266
2869	-6908266
2870	-6908266
2871	-6908266
2872	-6908266
2873	-6908266
2874	-6908266
2875	-6908266
2876	-6908266
2877	-6908266
2878	-6908266
2879	-6908266
2880	-6908266
2881	-6908266
2882	-6908266
2883	-6908266
2884	-6908266
2885	-6908266
2886	-6908266
2887	-6908266
2888	-6908266
2889	-6908266
2890	-6908266
2891	-6908266
2892	-6908266
2893	-6908266
2894	-6908266
2895	-6908266
2896	-6908266
2897	-6908266
2898	-6908266
2899	-6908266
2900	-6908266
2901	-6908266
2902	-6908266
2903	-6908266
2904	-6908266
2905	-6908266
2906	-6908266
2907	-6908266
2908	-6908266
2909	-6908266
2910	-6908266
2911	-6908266
2912	-6908266
2913	-6908266
2914	-6908266
2915	-6908266
2916	-6908266
2917	-6908266
2918	-6908266
2919	-6908266
2920	-6908266
2921	-6908266
2922	-6908266
2923	-6908266
2924	-6908266
2925	-6908266
2926	-6908266
2927	-6908266
2928	-6908266
2929	-6908266
2930	-6908266
2931	-6908266
2932	-6908266
2933	-6908266
2934	-6908266
2935	-6908266
2936	-6908266
2937	-6908266
2938	-6908266
2939	-6908266
2940	-6908266
2941	-6908266
2942	-6908266
2943	-6908266
2944	-6908266
2945	-6908266
2946	-6908266
2947	-6908266
2948	-6908266
2949	-6908266
2950	-6908266
2951	-6908266
2952	-6908266
2953	-6908266
2954	-6908266
2955	-6908266
2956	-6908266
2957	-6908266
2958	-6908266
2959	-6908266
2960	-6908266
2961	-6908266
2962	-6908266
2963	-6908266
2964	-6908266
2965	-6908266
2966	-6908266
2967	-6908266
2968	-6908266
2969	-6908266
2970	-6908266
2971	-6908266
2972	-6908266
2973	-6908266
2974	-6908266
2975	-6908266
2976	-6908266
2977	-6908266
2978	-6908266
2979	-6908266
2980	-6908266
2981	-6908266
2982	-6908266
2983	-6908266
2984	-6908266
2985	-6908266
2986	-6908266
2987	-6908266
2988	-6908266
2989	-6908266
2990	-6908266
2991	-6908266
2992	-6908266
2993	-6908266
2994	-6908266
2995	-6908266
2996	-6908266
2997	-6908266
2998	-6908266
2999	-6908266
3000	-6908266
3001	-6908266
3002	-6908266
3003	-6908266
3004	-6908266
3005	-6908266
3006	-6908266
3007	-6908266
3008	-6908266
3009	-6908266
3010	-6908266
3011	-6908266
3012	-6908266
3013	-6908266
3014	-6908266
3015	-6908266
3016	-6908266
3017	-6908266
3018	-6908266
3019	-6908266
3020	-6908266
3021	-6908266
3022	-6908266
3023	-6908266
3024	-6908266
3025	-6908266
3026	-6908266
3027	-6908266
3028	-6908266
3029	-6908266
3030	-6908266
3031	-6908266
3032	-6908266
3033	-6908266
3034	-6908266
3035	-6908266
3036	-6908266
3037	-6908266
3038	-6908266
3039	-6908266
3040	-6908266
3041	-6908266
3042	-6908266
3043	-6908266
3044	-6908266
3045	-6908266
3046	-6908266
3047	-6908266
3048	-6908266
3049	-6908266
3050	-6908266
3051	-6908266
3052	-6908266
3053	-6908266
3054	-6908266
3055	-6908266
3056	-6908266
3057	-6908266
3058	-6908266
3059	-6908266
3060	-6908266
3061	-6908266
3062	-6908266
3063	-6908266
3064	-6908266
3065	-6908266
3066	-6908266
3067	-6908266
3068	-6908266
3069	-6908266
3070	-6908266
3071	-6908266
3072	-6908266
3073	-6908266
3074	-6908266
3075	-6908266
3076	-6908266
3077	-6908266
3078	-6908266
3079	-6908266
3080	-6908266
3081	-6908266
3082	-6908266
3083	-6908266
3084	-6908266
3085	-6908266
3086	-6908266
3087	-6908266
3088	-6908266
3089	-6908266
3090	-6908266
3091	-6908266
3092	-6908266
3093	-6908266
3094	-6908266
3095	-6908266
3096	-6908266
3097	-6908266
3098	-6908266
3099	-6908266
3100	-6908266
3101	-6908266
3102	-6908266
3103	-6908266
3104	-6908266
3105	-6908266
3106	-6908266
3107	-6908266
3108	-6908266
3109	-6908266
3110	-6908266
3111	-6908266
3112	-6908266
3113	-6908266
3114	-6908266
3115	-6908266
3116	-6908266
3117	-6908266
3118	-6908266
3119	-6908266
3120	-6908266
3121	-6908266
3122	-6908266
3123	-6908266
3124	-6908266
3125	-6908266
3126	-6908266
3127	-6908266
3128	-6908266
3129	-6908266
3130	-6908266
3131	-6908266
3132	-6908266
3133	-6908266
3134	-6908266
3135	-6908266
3136	-6908266
3137	-6908266
3138	-6908266
3139	-6908266
3140	-6908266
3141	-6908266
3142	-6908266
3143	-6908266
3144	-6908266
3145	-6908266
3146	-6908266
3147	-6908266
3148	-6908266
3149	-6908266
3150	-6908266
3151	-6908266
3152	-6908266
3153	-6908266
3154	-6908266
3155	-6908266
3156	-6908266
3157	-6908266
3158	-6908266
3159	-6908266
3160	-6908266
3161	-6908266
3162	-6908266
3163	-6908266
3164	-6908266
3165	-6908266
3166	-6908266
3167	-6908266
3168	-6908266
3169	-6908266
3170	-6908266
3171	-6908266
3172	-6908266
3173	-6908266
3174	-6908266
3175	-6908266
3176	-6908266
3177	-6908266
3178	-6908266
3179	-6908266
3180	-6908266
3181	-6908266
3182	-6908266
3183	-6908266
3184	-6908266
3185	-6908266
3186	-6908266
3187	-6908266
3188	-6908266
3189	-6908266
3190	-6908266
3191	-6908266
3192	-6908266
3193	-6908266
3194	-6908266
3195	-6908266
3196	-6908266
3197	-6908266
3198	-6908266
3199	-6908266
3200	-6908266
3201	-6908266
3202	-6908266
3203	-6908266
3204	-6908266
3205	-6908266
3206	-6908266
3207	-6908266
3208	-6908266
3209	-6908266
3210	-6908266
3211	-6908266
3212	-6908266
3213	-6908266
3214	-6908266
3215	-6908266
3216	-6908266
3217	-6908266
3218	-6908266
3219	-6908266
3220	-6908266
3221	-6908266
3222	-6908266
3223	-6908266
3224	-6908266
3225	-6908266
3226	-6908266
3227	-6908266
3228	-6908266
3229	-6908266
3230	-6908266
3231	-6908266
3232	-6908266
3233	-6908266
3234	-6908266
3235	-6908266
3236	-6908266
3237	-6908266
3238	-6908266
3239	-6908266
3240	-6908266
3241	-6908266
3242	-6908266
3243	-6908266
3244	-6908266
3245	-6908266
3246	-6908266
3247	-6908266
3248	-6908266
3249	-6908266
3250	-6908266
3251	-6908266
3252	-6908266
3253	-6908266
3254	-6908266
3255	-6908266
3256	-6908266
3257	-6908266
3258	-6908266
3259	-6908266
3260	-6908266
3261	-6908266
3262	-6908266
3263	-6908266
3264	-6908266
3265	-6908266
3266	-6908266
3267	-6908266
3268	-6908266
3269	-6908266
3270	-6908266
3271	-6908266
3272	-6908266
3273	-6908266
3274	-6908266
3275	-6908266
3276	-6908266
3277	-6908266
3278	-6908266
3279	-6908266
3280	-6908266
3281	-6908266
3282	-6908266
3283	-6908266
3284	-6908266
3285	-6908266
3286	-6908266
3287	-6908266
3288	-6908266
3289	-6908266
3290	-6908266
3291	-6908266
3292	-6908266
3293	-6908266
3294	-6908266
3295	-6908266
3296	-6908266
3297	-6908266
3298	-6908266
3299	-6908266
3300	-6908266
3301	-6908266
3302	-6908266
3303	-6908266
3304	-6908266
3305	-6908266
3306	-6908266
3307	-6908266
3308	-6908266
3309	-6908266
3310	-6908266
3311	-6908266
3312	-6908266
3313	-6908266
3314	-6908266
3315	-6908266
3316	-6908266
3317	-6908266
3318	-6908266
3319	-6908266
3320	-6908266
3321	-6908266
3322	-6908266
3323	-6908266
3324	-6908266
3325	-6908266
3326	-6908266
3327	-6908266
3328	-6908266
3329	-6908266
3330	-6908266
3331	-6908266
3332	-6908266
3333	-6908266
3334	-6908266
3335	-6908266
3336	-6908266
3337	-6908266
3338	-6908266
3339	-6908266
3340	-6908266
3341	-6908266
3342	-6908266
3343	-6908266
3344	-6908266
3345	-6908266
3346	-6908266
3347	-6908266
3348	-6908266
3349	-6908266
3350	-6908266
3351	-6908266
3352	-6908266
3353	-6908266
3354	-6908266
3355	-6908266
3356	-6908266
3357	-6908266
3358	-6908266
3359	-6908266
3360	-6908266
3361	-6908266
3362	-6908266
3363	-6908266
3364	-6908266
3365	-6908266
3366	-6908266
3367	-6908266
3368	-6908266
3369	-6908266
3370	-6908266
3371	-6908266
3372	-6908266
3373	-6908266
3374	-6908266
3375	-6908266
3376	-6908266
3377	-6908266
3378	-6908266
3379	-6908266
3380	-6908266
3381	-6908266
3382	-6908266
3383	-6908266
3384	-6908266
3385	-6908266
3386	-6908266
3387	-6908266
3388	-6908266
3389	-6908266
3390	-6908266
3391	-6908266
3392	-6908266
3393	-6908266
3394	-6908266
3395	-6908266
3396	-6908266
3397	-6908266
3398	-6908266
3399	-6908266
3400	-6908266
3401	-6908266
3402	-6908266
3403	-6908266
3404	-6908266
3405	-6908266
3406	-6908266
3407	-6908266
3408	-6908266
3409	-6908266
3410	-6908266
3411	-6908266
3412	-6908266
3413	-6908266
3414	-6908266
3415	-6908266
3416	-6908266
3417	-6908266
3418	-6908266
3419	-6908266
3420	-6908266
3421	-6908266
3422	-6908266
3423	-6908266
3424	-6908266
3425	-6908266
3426	-6908266
3427	-6908266
3428	-6908266
3429	-6908266
3430	-6908266
3431	-6908266
3432	-6908266
3433	-6908266
3434	-6908266
3435	-6908266
3436	-6908266
3437	-6908266
3438	-6908266
3439	-6908266
3440	-6908266
3441	-6908266
3442	-6908266
3443	-6908266
3444	-6908266
3445	-6908266
3446	-6908266
3447	-6908266
3448	-6908266
3449	-6908266
3450	-6908266
3451	-6908266
3452	-6908266
3453	-6908266
3454	-6908266
3455	-6908266
3456	-6908266
3457	-6908266
3458	-6908266
3459	-6908266
3460	-6908266
3461	-6908266
3462	-6908266
3463	-6908266
3464	-6908266
3465	-6908266
3466	-6908266
3467	-6908266
3468	-6908266
3469	-6908266
3470	-6908266
3471	-6908266
3472	-6908266
3473	-6908266
3474	-6908266
3475	-6908266
3476	-6908266
3477	-6908266
3478	-6908266
3479	-6908266
3480	-6908266
3481	-6908266
3482	-6908266
3483	-6908266
3484	-6908266
3485	-6908266
3486	-6908266
3487	-6908266
3488	-6908266
3489	-6908266
3490	-6908266
3491	-6908266
3492	-6908266
3493	-6908266
3494	-6908266
3495	-6908266
3496	-6908266
3497	-6908266
3498	-6908266
3499	-6908266
3500	-6908266
3501	-6908266
3502	-6908266
3503	-6908266
3504	-6908266
3505	-6908266
3506	-6908266
3507	-6908266
3508	-6908266
3509	-6908266
3510	-6908266
3511	-6908266
3512	-6908266
3513	-6908266
3514	-6908266
3515	-6908266
3516	-6908266
3517	-6908266
3518	-6908266
3519	-6908266
3520	-6908266
3521	-6908266
3522	-6908266
3523	-6908266
3524	-6908266
3525	-6908266
3526	-6908266
3527	-6908266
3528	-6908266
3529	-6908266
3530	-6908266
3531	-6908266
3532	-6908266
3533	-6908266
3534	-6908266
3535	-6908266
3536	-6908266
3537	-6908266
3538	-6908266
3539	-6908266
3540	-6908266
3541	-6908266
3542	-6908266
3543	-6908266
3544	-6908266
3545	-6908266
3546	-6908266
3547	-6908266
3548	-6908266
3549	-6908266
3550	-6908266
3551	-6908266
3552	-6908266
3553	-6908266
3554	-6908266
3555	-6908266
3556	-6908266
3557	-6908266
3558	-6908266
3559	-6908266
3560	-6908266
3561	-6908266
3562	-6908266
3563	-6908266
3564	-6908266
3565	-6908266
3566	-6908266
3567	-6908266
3568	-6908266
3569	-6908266
3570	-6908266
3571	-6908266
3572	-6908266
3573	-6908266
3574	-6908266
3575	-6908266
3576	-6908266
3577	-6908266
3578	-6908266
3579	-6908266
3580	-6908266
3581	-6908266
3582	-6908266
3583	-6908266
3584	-6908266
3585	-6908266
3586	-6908266
3587	-6908266
3588	-6908266
3589	-6908266
3590	-6908266
3591	-6908266
3592	-6908266
3593	-6908266
3594	-6908266
3595	-6908266
3596	-6908266
3597	-6908266
3598	-6908266
3599	-6908266
3600	-6908266
3601	-6908266
3602	-6908266
3603	-6908266
3604	-6908266
3605	-6908266
3606	-6908266
3607	-6908266
3608	-6908266
3609	-6908266
3610	-6908266
3611	-6908266
3612	-6908266
3613	-6908266
3614	-6908266
3615	-6908266
3616	-6908266
3617	-6908266
3618	-6908266
3619	-6908266
3620	-6908266
3621	-6908266
3622	-6908266
3623	-6908266
3624	-6908266
3625	-6908266
3626	-6908266
3627	-6908266
3628	-6908266
3629	-6908266
3630	-6908266
3631	-6908266
3632	-6908266
3633	-6908266
3634	-6908266
3635	-6908266
3636	-6908266
3637	-6908266
3638	-6908266
3639	-6908266
3640	-6908266
3641	-6908266
3642	-6908266
3643	-6908266
3644	-6908266
3645	-6908266
3646	-6908266
3647	-6908266
3648	-6908266
3649	-6908266
3650	-6908266
3651	-6908266
3652	-6908266
3653	-6908266
3654	-6908266
3655	-6908266
3656	-6908266
3657	-6908266
3658	-6908266
3659	-6908266
3660	-6908266
3661	-6908266
3662	-6908266
3663	-6908266
3664	-6908266
3665	-6908266
3666	-6908266
3667	-6908266
3668	-6908266
3669	-6908266
3670	-6908266
3671	-6908266
3672	-6908266
3673	-6908266
3674	-6908266
3675	-6908266
3676	-6908266
3677	-6908266
3678	-6908266
3679	-6908266
3680	-6908266
3681	-6908266
3682	-6908266
3683	-6908266
3684	-6908266
3685	-6908266
3686	-6908266
3687	-6908266
3688	-6908266
3689	-6908266
3690	-6908266
3691	-6908266
3692	-6908266
3693	-6908266
3694	-6908266
3695	-6908266
3696	-6908266
3697	-6908266
3698	-6908266
3699	-6908266
3700	-6908266
3701	-6908266
3702	-6908266
3703	-6908266
3704	-6908266
3705	-6908266
3706	-6908266
3707	-6908266
3708	-6908266
3709	-6908266
3710	-6908266
3711	-6908266
3712	-6908266
3713	-6908266
3714	-6908266
3715	-6908266
3716	-6908266
3717	-6908266
3718	-6908266
3719	-6908266
3720	-6908266
3721	-6908266
3722	-6908266
3723	-6908266
3724	-6908266
3725	-6908266
3726	-6908266
3727	-6908266
3728	-6908266
3729	-6908266
3730	-6908266
3731	-6908266
3732	-6908266
3733	-6908266
3734	-6908266
3735	-6908266
3736	-6908266
3737	-6908266
3738	-6908266
3739	-6908266
3740	-6908266
3741	-6908266
3742	-6908266
3743	-6908266
3744	-6908266
3745	-6908266
3746	-6908266
3747	-6908266
3748	-6908266
3749	-6908266
3750	-6908266
3751	-6908266
3752	-6908266
3753	-6908266
3754	-6908266
3755	-6908266
3756	-6908266
3757	-6908266
3758	-6908266
3759	-6908266
3760	-6908266
3761	-6908266
3762	-6908266
3763	-6908266
3764	-6908266
3765	-6908266
3766	-6908266
3767	-6908266
3768	-6908266
3769	-6908266
3770	-6908266
3771	-6908266
3772	-6908266
3773	-6908266
3774	-6908266
3775	-6908266
3776	-6908266
3777	-6908266
3778	-6908266
3779	-6908266
3780	-6908266
3781	-6908266
3782	-6908266
3783	-6908266
3784	-6908266
3785	-6908266
3786	-6908266
3787	-6908266
3788	-6908266
3789	-6908266
3790	-6908266
3791	-6908266
3792	-6908266
3793	-6908266
3794	-6908266
3795	-6908266
3796	-6908266
3797	-6908266
3798	-6908266
3799	-6908266
3800	-6908266
3801	-6908266
3802	-6908266
3803	-6908266
3804	-6908266
3805	-6908266
3806	-6908266
3807	-6908266
3808	-6908266
3809	-6908266
3810	-6908266
3811	-6908266
3812	-6908266
3813	-6908266
3814	-6908266
3815	-6908266
3816	-6908266
3817	-6908266
3818	-6908266
3819	-6908266
3820	-6908266
3821	-6908266
3822	-6908266
3823	-6908266
3824	-6908266
3825	-6908266
3826	-6908266
3827	-6908266
3828	-6908266
3829	-6908266
3830	-6908266
3831	-6908266
3832	-6908266
3833	-6908266
3834	-6908266
3835	-6908266
3836	-6908266
3837	-6908266
3838	-6908266
3839	-6908266
3840	-6908266
3841	-6908266
3842	-6908266
3843	-6908266
3844	-6908266
3845	-6908266
3846	-6908266
3847	-6908266
3848	-6908266
3849	-6908266
3850	-6908266
3851	-6908266
3852	-6908266
3853	-6908266
3854	-6908266
3855	-6908266
3856	-6908266
3857	-6908266
3858	-6908266
3859	-6908266
3860	-6908266
3861	-6908266
3862	-6908266
3863	-6908266
3864	-6908266
3865	-6908266
3866	-6908266
3867	-6908266
3868	-6908266
3869	-6908266
3870	-6908266
3871	-6908266
3872	-6908266
3873	-6908266
3874	-6908266
3875	-6908266
3876	-6908266
3877	-6908266
3878	-6908266
3879	-6908266
3880	-6908266
3881	-6908266
3882	-6908266
3883	-6908266
3884	-6908266
3885	-6908266
3886	-6908266
3887	-6908266
3888	-6908266
3889	-6908266
3890	-6908266
3891	-6908266
3892	-6908266
3893	-6908266
3894	-6908266
3895	-6908266
3896	-6908266
3897	-6908266
3898	-6908266
3899	-6908266
3900	-6908266
3901	-6908266
3902	-6908266
3903	-6908266
3904	-6908266
3905	-6908266
3906	-6908266
3907	-6908266
3908	-6908266
3909	-6908266
3910	-6908266
3911	-6908266
3912	-6908266
3913	-6908266
3914	-6908266
3915	-6908266
3916	-6908266
3917	-6908266
3918	-6908266
3919	-6908266
3920	-6908266
3921	-6908266
3922	-6908266
3923	-6908266
3924	-6908266
3925	-6908266
3926	-6908266
3927	-6908266
3928	-6908266
3929	-6908266
3930	-6908266
3931	-6908266
3932	-6908266
3933	-6908266
3934	-6908266
3935	-6908266
3936	-6908266
3937	-6908266
3938	-6908266
3939	-6908266
3940	-6908266
3941	-6908266
3942	-6908266
3943	-6908266
3944	-6908266
3945	-6908266
3946	-6908266
3947	-6908266
3948	-6908266
3949	-6908266
3950	-6908266
3951	-6908266
3952	-6908266
3953	-6908266
3954	-6908266
3955	-6908266
3956	-6908266
3957	-6908266
3958	-6908266
3959	-6908266
3960	-6908266
3961	-6908266
3962	-6908266
3963	-6908266
3964	-6908266
3965	-6908266
3966	-6908266
3967	-6908266
3968	-6908266
3969	-6908266
3970	-6908266
3971	-6908266
3972	-6908266
3973	-6908266
3974	-6908266
3975	-6908266
3976	-6908266
3977	-6908266
3978	-6908266
3979	-6908266
3980	-6908266
3981	-6908266
3982	-6908266
3983	-6908266
3984	-6908266
3985	-6908266
3986	-6908266
3987	-6908266
3988	-6908266
3989	-6908266
3990	-6908266
3991	-6908266
3992	-6908266
3993	-6908266
3994	-6908266
3995	-6908266
3996	-6908266
3997	-6908266
3998	-6908266
3999	-6908266
4000	-6908266
4001	-6908266
4002	-6908266
4003	-6908266
4004	-6908266
4005	-6908266
4006	-6908266
4007	-6908266
4008	-6908266
4009	-6908266
4010	-6908266
4011	-6908266
4012	-6908266
4013	-6908266
4014	-6908266
4015	-6908266
4016	-6908266
4017	-6908266
4018	-6908266
4019	-6908266
4020	-6908266
4021	-6908266
4022	-6908266
4023	-6908266
4024	-6908266
4025	-6908266
4026	-6908266
4027	-6908266
4028	-6908266
4029	-6908266
4030	-6908266
4031	-6908266
4032	-6908266
4033	-6908266
4034	-6908266
4035	-6908266
4036	-6908266
4037	-6908266
4038	-6908266
4039	-6908266
4040	-6908266
4041	-6908266
4042	-6908266
4043	-6908266
4044	-6908266
4045	-6908266
4046	-6908266
4047	-6908266
4048	-6908266
4049	-6908266
4050	-6908266
4051	-6908266
4052	-6908266
4053	-6908266
4054	-6908266
4055	-6908266
4056	-6908266
4057	-6908266
4058	-6908266
4059	-6908266
4060	-6908266
4061	-6908266
4062	-6908266
4063	-6908266
4064	-6908266
4065	-6908266
4066	-6908266
4067	-6908266
4068	-6908266
4069	-6908266
4070	-6908266
4071	-6908266
4072	-6908266
4073	-6908266
4074	-6908266
4075	-6908266
4076	-6908266
4077	-6908266
4078	-6908266
4079	-6908266
4080	-6908266
4081	-6908266
4082	-6908266
4083	-6908266
4084	-6908266
4085	-6908266
4086	-6908266
4087	-6908266
4088	-6908266
4089	-6908266
4090	-6908266
4091	-6908266
4092	-6908266
4093	-6908266
4094	-6908266
4095	-6908266
