0	-16777216
1	-16777216
2	-16777216
3	-16777216
4	-16777216
5	-16777216
6	-16777216
7	-16777216
8	-16777216
9	-16777216
10	-16777216
11	-16777216
12	-16777216
13	-16777216
14	-16777216
15	-16777216
17	-16777216
16	-16777216
19	-16777216
18	-16777216
21	-16777216
20	-16777216
23	-16777216
22	-16777216
25	-16777216
24	-16777216
27	-16777216
26	-16777216
29	-16777216
28	-16777216
31	-16777216
30	-16777216
34	-16777216
35	-16777216
32	-16777216
33	-16777216
38	-16777216
39	-16777216
36	-16777216
37	-16777216
42	-16777216
43	-16777216
40	-16777216
41	-16777216
46	-16777216
47	-16777216
44	-16777216
45	-16777216
51	-16777216
50	-16777216
49	-16777216
48	-16777216
55	-16777216
54	-16777216
53	-16777216
52	-16777216
59	-16777216
58	-16777216
57	-16777216
56	-16777216
63	-16777216
62	-16777216
61	-16777216
60	-16777216
68	-16777216
69	-16777216
70	-16777216
71	-16777216
64	-16777216
65	-16777216
66	-16777216
67	-16777216
76	-16777216
77	-16777216
78	-16777216
79	-16777216
72	-16777216
73	-16777216
74	-16777216
75	-16777216
85	-16777216
84	-16777216
87	-16777216
86	-16777216
81	-16777216
80	-16777216
83	-16777216
82	-16777216
93	-16777216
92	-16777216
95	-16777216
94	-16777216
89	-16777216
88	-16777216
91	-16777216
90	-16777216
102	-16777216
103	-16777216
100	-16777216
101	-16777216
98	-16777216
99	-16777216
96	-16777216
97	-16777216
110	-16777216
111	-16777216
108	-16777216
109	-16777216
106	-16777216
107	-16777216
104	-16777216
105	-16777216
119	-16777216
118	-16777216
117	-16777216
116	-16777216
115	-16777216
114	-16777216
113	-16777216
112	-16777216
127	-16777216
126	-16777216
125	-16777216
124	-16777216
123	-16777216
122	-16777216
121	-16777216
120	-16777216
137	-16777216
136	-16777216
139	-16777216
138	-16777216
141	-16777216
140	-16777216
143	-16777216
142	-16777216
129	-16777216
128	-16777216
131	-16777216
130	-16777216
133	-16777216
132	-16777216
135	-16777216
134	-16777216
152	-16777216
153	-16777216
154	-16777216
155	-16777216
156	-16777216
157	-16777216
158	-16777216
159	-16777216
144	-16777216
145	-16777216
146	-16777216
147	-16777216
148	-16777216
149	-16777216
150	-16777216
151	-16777216
171	-16777216
170	-16777216
169	-16777216
168	-16777216
175	-16777216
174	-16777216
173	-16777216
172	-16777216
163	-16777216
162	-16777216
161	-16777216
160	-16777216
167	-16777216
166	-16777216
165	-16777216
164	-16777216
186	-16777216
187	-16777216
184	-16777216
185	-16777216
190	-16777216
191	-16777216
188	-16777216
189	-16777216
178	-16777216
179	-16777216
176	-16777216
177	-16777216
182	-16777216
183	-16777216
180	-16777216
181	-16777216
205	-16777216
204	-16777216
207	-16777216
206	-16777216
201	-16777216
200	-16777216
203	-16777216
202	-16777216
197	-16777216
196	-16777216
199	-16777216
198	-16777216
193	-16777216
192	-16777216
195	-16777216
194	-16777216
220	-16777216
221	-16777216
222	-16777216
223	-16777216
216	-16777216
217	-16777216
218	-16777216
219	-16777216
212	-16777216
213	-16777216
214	-16777216
215	-16777216
208	-16777216
209	-16777216
210	-16777216
211	-16777216
239	-16777216
238	-16777216
237	-16777216
236	-16777216
235	-16777216
234	-16777216
233	-16777216
232	-16777216
231	-16777216
230	-16777216
229	-16777216
228	-16777216
227	-16777216
226	-16777216
225	-16777216
224	-16777216
254	-16777216
255	-16777216
252	-16777216
253	-16777216
250	-16777216
251	-16777216
248	-16777216
249	-16777216
246	-16777216
247	-16777216
244	-16777216
245	-16777216
242	-16777216
243	-16777216
240	-16777216
241	-16777216
275	-16777216
274	-16777216
273	-16777216
272	-16777216
279	-16777216
278	-16777216
277	-16777216
276	-16777216
283	-16777216
282	-16777216
281	-16777216
280	-16777216
287	-16777216
286	-16777216
285	-16777216
284	-16777216
258	-16777216
259	-16777216
256	-16777216
257	-16777216
262	-16777216
263	-16777216
260	-16777216
261	-16777216
266	-16777216
267	-16777216
264	-16777216
265	-16777216
270	-16777216
271	-16777216
268	-16777216
269	-16777216
305	-16777216
304	-16777216
307	-16777216
306	-16777216
309	-16777216
308	-16777216
311	-16777216
310	-16777216
313	-16777216
312	-16777216
315	-16777216
314	-16777216
317	-16777216
316	-16777216
319	-16777216
318	-16777216
288	-16777216
289	-16777216
290	-16777216
291	-16777216
292	-16777216
293	-16777216
294	-16777216
295	-16777216
296	-16777216
297	-16777216
298	-16777216
299	-16777216
300	-16777216
301	-16777216
302	-16777216
303	-16777216
343	-16777216
342	-16777216
341	-16777216
340	-16777216
339	-16777216
338	-16777216
337	-16777216
336	-16777216
351	-16777216
350	-16777216
349	-16777216
348	-16777216
347	-16777216
346	-16777216
345	-16777216
344	-16777216
326	-16777216
327	-16777216
324	-16777216
325	-16777216
322	-16777216
323	-16777216
320	-16777216
321	-16777216
334	-16777216
335	-16777216
332	-16777216
333	-16777216
330	-16777216
331	-16777216
328	-16777216
329	-16777216
373	-16777216
372	-16777216
375	-16777216
374	-16777216
369	-16777216
368	-16777216
371	-16777216
370	-16777216
381	-16777216
380	-16777216
383	-16777216
382	-16777216
377	-16777216
376	-16777216
379	-16777216
378	-16777216
356	-16777216
357	-16777216
358	-16777216
359	-16777216
352	-16777216
353	-16777216
354	-16777216
355	-16777216
364	-16777216
365	-16777216
366	-16777216
367	-16777216
360	-16777216
361	-16777216
362	-16777216
363	-16777216
410	-16777216
411	-16777216
408	-16777216
409	-16777216
414	-16777216
415	-16777216
412	-16777216
413	-16777216
402	-16777216
403	-16777216
400	-16777216
401	-16777216
406	-16777216
407	-16777216
404	-16777216
405	-16777216
395	-16777216
394	-16777216
393	-16777216
392	-16777216
399	-16777216
398	-16777216
397	-16777216
396	-16777216
387	-16777216
386	-16777216
385	-16777216
384	-16777216
391	-16777216
390	-16777216
389	-16777216
388	-16777216
440	-16777216
441	-16777216
442	-16777216
443	-16777216
444	-16777216
445	-16777216
446	-16777216
447	-16777216
432	-16777216
433	-16777216
434	-16777216
435	-16777216
436	-16777216
437	-16777216
438	-16777216
439	-16777216
425	-16777216
424	-16777216
427	-16777216
426	-16777216
429	-16777216
428	-16777216
431	-16777216
430	-16777216
417	-16777216
416	-16777216
419	-16777216
418	-16777216
421	-16777216
420	-16777216
423	-16777216
422	-16777216
478	-16777216
479	-16777216
476	-16777216
477	-16777216
474	-16777216
475	-16777216
472	-16777216
473	-16777216
470	-16777216
471	-16777216
468	-16777216
469	-16777216
466	-16777216
467	-16777216
464	-16777216
465	-16777216
463	-16777216
462	-16777216
461	-16777216
460	-16777216
459	-16777216
458	-16777216
457	-16777216
456	-16777216
455	-16777216
454	-16777216
453	-16777216
452	-16777216
451	-16777216
450	-16777216
449	-16777216
448	-16777216
508	-16777216
509	-16777216
510	-16777216
511	-16777216
504	-16777216
505	-16777216
506	-16777216
507	-16777216
500	-16777216
501	-16777216
502	-16777216
503	-16777216
496	-16777216
497	-16777216
498	-16777216
499	-16777216
493	-16777216
492	-16777216
495	-16777216
494	-16777216
489	-16777216
488	-16777216
491	-16777216
490	-16777216
485	-16777216
484	-16777216
487	-16777216
486	-16777216
481	-16777216
480	-16777216
483	-16777216
482	-16777216
550	-16777216
551	-16777216
548	-16777216
549	-16777216
546	-16777216
547	-16777216
544	-16777216
545	-16777216
558	-16777216
559	-16777216
556	-16777216
557	-16777216
554	-16777216
555	-16777216
552	-16777216
553	-16777216
567	-16777216
566	-16777216
565	-16777216
564	-16777216
563	-16777216
562	-16777216
561	-16777216
560	-16777216
575	-16777216
574	-16777216
573	-16777216
572	-16777216
571	-16777216
570	-16777216
569	-16777216
568	-16777216
516	-16777216
517	-16777216
518	-16777216
519	-16777216
512	-16777216
513	-16777216
514	-16777216
515	-16777216
524	-16777216
525	-16777216
526	-16777216
527	-16777216
520	-16777216
521	-16777216
522	-16777216
523	-16777216
533	-16777216
532	-16777216
535	-16777216
534	-16777216
529	-16777216
528	-16777216
531	-16777216
530	-16777216
541	-16777216
540	-16777216
543	-16777216
542	-16777216
537	-16777216
536	-16777216
539	-16777216
538	-16777216
610	-16777216
611	-16777216
608	-16777216
609	-16777216
614	-16777216
615	-16777216
612	-16777216
613	-16777216
618	-16777216
619	-16777216
616	-16777216
617	-16777216
622	-16777216
623	-16777216
620	-16777216
621	-16777216
627	-16777216
626	-16777216
625	-16777216
624	-16777216
631	-16777216
630	-16777216
629	-16777216
628	-16777216
635	-16777216
634	-16777216
633	-16777216
632	-16777216
639	-16777216
638	-16777216
637	-16777216
636	-16777216
576	-16777216
577	-16777216
578	-16777216
579	-16777216
580	-16777216
581	-16777216
582	-16777216
583	-16777216
584	-16777216
585	-16777216
586	-16777216
587	-16777216
588	-16777216
589	-16777216
590	-16777216
591	-16777216
593	-16777216
592	-16777216
595	-16777216
594	-16777216
597	-16777216
596	-16777216
599	-16777216
598	-16777216
601	-16777216
600	-16777216
603	-16777216
602	-16777216
605	-16777216
604	-16777216
607	-16777216
606	-16777216
687	-16777216
686	-16777216
685	-16777216
684	-16777216
683	-16777216
682	-16777216
681	-16777216
680	-16777216
679	-16777216
678	-16777216
677	-16777216
676	-16777216
675	-16777216
674	-16777216
673	-16777216
672	-16777216
702	-16777216
703	-16777216
700	-16777216
701	-16777216
698	-16777216
699	-16777216
696	-16777216
697	-16777216
694	-16777216
695	-16777216
692	-16777216
693	-16777216
690	-16777216
691	-16777216
688	-16777216
689	-16777216
653	-16777216
652	-16777216
655	-16777216
654	-16777216
649	-16777216
648	-16777216
651	-16777216
650	-16777216
645	-16777216
644	-16777216
647	-16777216
646	-16777216
641	-16777216
640	-16777216
643	-16777216
642	-16777216
668	-16777216
669	-16777216
670	-16777216
671	-16777216
664	-16777216
665	-16777216
666	-16777216
667	-16777216
660	-16777216
661	-16777216
662	-16777216
663	-16777216
656	-16777216
657	-16777216
658	-16777216
659	-16777216
747	-16777216
746	-16777216
745	-16777216
744	-16777216
751	-16777216
750	-16777216
749	-16777216
748	-16777216
739	-16777216
738	-16777216
737	-16777216
736	-16777216
743	-16777216
742	-16777216
741	-16777216
740	-16777216
762	-16777216
763	-16777216
760	-16777216
761	-16777216
766	-16777216
767	-16777216
764	-16777216
765	-16777216
754	-16777216
755	-16777216
752	-16777216
753	-16777216
758	-16777216
759	-16777216
756	-16777216
757	-16777216
713	-16777216
712	-16777216
715	-16777216
714	-16777216
717	-16777216
716	-16777216
719	-16777216
718	-16777216
705	-16777216
704	-16777216
707	-16777216
706	-16777216
709	-16777216
708	-16777216
711	-16777216
710	-16777216
728	-16777216
729	-16777216
730	-16777216
731	-16777216
732	-16777216
733	-16777216
734	-16777216
735	-16777216
720	-16777216
721	-16777216
722	-16777216
723	-16777216
724	-16777216
725	-16777216
726	-16777216
727	-16777216
821	-16777216
820	-16777216
823	-16777216
822	-16777216
817	-16777216
816	-16777216
819	-16777216
818	-16777216
829	-16777216
828	-16777216
831	-16777216
830	-16777216
825	-16777216
824	-16777216
827	-16777216
826	-16777216
804	-16777216
805	-16777216
806	-16777216
807	-16777216
800	-16777216
801	-16777216
802	-16777216
803	-16777216
812	-16777216
813	-16777216
814	-16777216
815	-16777216
808	-16777216
809	-16777216
810	-16777216
811	-16777216
791	-16777216
790	-16777216
789	-16777216
788	-16777216
787	-16777216
786	-16777216
785	-16777216
784	-16777216
799	-16777216
798	-16777216
797	-16777216
796	-16777216
795	-16777216
794	-16777216
793	-16777216
792	-16777216
774	-16777216
775	-16777216
772	-16777216
773	-16777216
770	-16777216
771	-16777216
768	-16777216
769	-16777216
782	-16777216
783	-16777216
780	-16777216
781	-16777216
778	-16777216
779	-16777216
776	-16777216
777	-16777216
881	-16777216
880	-16777216
883	-16777216
882	-16777216
885	-16777216
884	-16777216
887	-16777216
886	-16777216
889	-16777216
888	-16777216
891	-16777216
890	-16777216
893	-16777216
892	-16777216
895	-16777216
894	-16777216
864	-16777216
865	-16777216
866	-16777216
867	-16777216
868	-16777216
869	-16777216
870	-16777216
871	-16777216
872	-16777216
873	-16777216
874	-16777216
875	-16777216
876	-16777216
877	-16777216
878	-16777216
879	-16777216
851	-16777216
850	-16777216
849	-16777216
848	-16777216
855	-16777216
854	-16777216
853	-16777216
852	-16777216
859	-16777216
858	-16777216
857	-16777216
856	-16777216
863	-16777216
862	-16777216
861	-16777216
860	-16777216
834	-16777216
835	-16777216
832	-16777216
833	-16777216
838	-16777216
839	-16777216
836	-16777216
837	-16777216
842	-16777216
843	-16777216
840	-16777216
841	-16777216
846	-16777216
847	-16777216
844	-16777216
845	-16777216
956	-16777216
957	-16777216
958	-16777216
959	-16777216
952	-16777216
953	-16777216
954	-16777216
955	-16777216
948	-16777216
949	-16777216
950	-16777216
951	-16777216
944	-16777216
945	-16777216
946	-16777216
947	-16777216
941	-16777216
940	-16777216
943	-16777216
942	-16777216
937	-16777216
936	-16777216
939	-16777216
938	-16777216
933	-16777216
932	-16777216
935	-16777216
934	-16777216
929	-16777216
928	-16777216
931	-16777216
930	-16777216
926	-16777216
927	-16777216
924	-16777216
925	-16777216
922	-16777216
923	-16777216
920	-16777216
921	-16777216
918	-16777216
919	-16777216
916	-16777216
917	-16777216
914	-16777216
915	-16777216
912	-16777216
913	-16777216
911	-16777216
910	-16777216
909	-16777216
908	-16777216
907	-16777216
906	-16777216
905	-16777216
904	-16777216
903	-16777216
902	-16777216
901	-16777216
900	-16777216
899	-16777216
898	-16777216
897	-16777216
896	-16777216
1016	-16777216
1017	-16777216
1018	-16777216
1019	-16777216
1020	-16777216
1021	-16777216
1022	-16777216
1023	-16777216
1008	-16777216
1009	-16777216
1010	-16777216
1011	-16777216
1012	-16777216
1013	-16777216
1014	-16777216
1015	-16777216
1001	-16777216
1000	-16777216
1003	-16777216
1002	-16777216
1005	-16777216
1004	-16777216
1007	-16777216
1006	-16777216
993	-16777216
992	-16777216
995	-16777216
994	-16777216
997	-16777216
996	-16777216
999	-16777216
998	-16777216
986	-16777216
987	-16777216
984	-16777216
985	-16777216
990	-16777216
991	-16777216
988	-16777216
989	-16777216
978	-16777216
979	-16777216
976	-16777216
977	-16777216
982	-16777216
983	-16777216
980	-16777216
981	-16777216
971	-16777216
970	-16777216
969	-16777216
968	-16777216
975	-16777216
974	-16777216
973	-16777216
972	-16777216
963	-16777216
962	-16777216
961	-16777216
960	-16777216
967	-16777216
966	-16777216
965	-16777216
964	-16777216
1100	-16777216
1101	-16777216
1102	-16777216
1103	-16777216
1096	-16777216
1097	-16777216
1098	-16777216
1099	-16777216
1092	-16777216
1093	-16777216
1094	-16777216
1095	-16777216
1088	-16777216
1089	-16777216
1090	-16777216
1091	-16777216
1117	-16777216
1116	-16777216
1119	-16777216
1118	-16777216
1113	-16777216
1112	-16777216
1115	-16777216
1114	-16777216
1109	-16777216
1108	-16777216
1111	-16777216
1110	-16777216
1105	-16777216
1104	-16777216
1107	-16777216
1106	-16777216
1134	-16777216
1135	-16777216
1132	-16777216
1133	-16777216
1130	-16777216
1131	-16777216
1128	-16777216
1129	-16777216
1126	-16777216
1127	-16777216
1124	-16777216
1125	-16777216
1122	-16777216
1123	-16777216
1120	-16777216
1121	-16777216
1151	-16777216
1150	-16777216
1149	-16777216
1148	-16777216
1147	-16777216
1146	-16777216
1145	-16777216
1144	-16777216
1143	-16777216
1142	-16777216
1141	-16777216
1140	-16777216
1139	-16777216
1138	-16777216
1137	-16777216
1136	-16777216
1032	-16777216
1033	-16777216
1034	-16777216
1035	-16777216
1036	-16777216
1037	-16777216
1038	-16777216
1039	-16777216
1024	-16777216
1025	-16777216
1026	-16777216
1027	-16777216
1028	-16777216
1029	-16777216
1030	-16777216
1031	-16777216
1049	-16777216
1048	-16777216
1051	-16777216
1050	-16777216
1053	-16777216
1052	-16777216
1055	-16777216
1054	-16777216
1041	-16777216
1040	-16777216
1043	-16777216
1042	-16777216
1045	-16777216
1044	-16777216
1047	-16777216
1046	-16777216
1066	-16777216
1067	-16777216
1064	-16777216
1065	-16777216
1070	-16777216
1071	-16777216
1068	-16777216
1069	-16777216
1058	-16777216
1059	-16777216
1056	-16777216
1057	-16777216
1062	-16777216
1063	-16777216
1060	-16777216
1061	-16777216
1083	-16777216
1082	-16777216
1081	-16777216
1080	-16777216
1087	-16777216
1086	-16777216
1085	-16777216
1084	-16777216
1075	-16777216
1074	-16777216
1073	-16777216
1072	-16777216
1079	-16777216
1078	-16777216
1077	-16777216
1076	-16777216
1221	-16777216
1220	-16777216
1223	-16777216
1222	-16777216
1217	-16777216
1216	-16777216
1219	-16777216
1218	-16777216
1229	-16777216
1228	-16777216
1231	-16777216
1230	-16777216
1225	-16777216
1224	-16777216
1227	-16777216
1226	-16777216
1236	-16777216
1237	-16777216
1238	-16777216
1239	-16777216
1232	-16777216
1233	-16777216
1234	-16777216
1235	-16777216
1244	-16777216
1245	-16777216
1246	-16777216
1247	-16777216
1240	-16777216
1241	-16777216
1242	-16777216
1243	-16777216
1255	-16777216
1254	-16777216
1253	-16777216
1252	-16777216
1251	-16777216
1250	-16777216
1249	-16777216
1248	-16777216
1263	-16777216
1262	-16777216
1261	-16777216
1260	-16777216
1259	-16777216
1258	-16777216
1257	-16777216
1256	-16777216
1270	-16777216
1271	-16777216
1268	-16777216
1269	-16777216
1266	-16777216
1267	-16777216
1264	-16777216
1265	-16777216
1278	-16777216
1279	-16777216
1276	-16777216
1277	-16777216
1274	-16777216
1275	-16777216
1272	-16777216
1273	-16777216
1153	-16777216
1152	-16777216
1155	-16777216
1154	-16777216
1157	-16777216
1156	-16777216
1159	-16777216
1158	-16777216
1161	-16777216
1160	-16777216
1163	-16777216
1162	-16777216
1165	-16777216
1164	-16777216
1167	-16777216
1166	-16777216
1168	-16777216
1169	-16777216
1170	-16777216
1171	-16777216
1172	-16777216
1173	-16777216
1174	-16777216
1175	-16777216
1176	-16777216
1177	-16777216
1178	-16777216
1179	-16777216
1180	-16777216
1181	-16777216
1182	-16777216
1183	-16777216
1187	-16777216
1186	-16777216
1185	-16777216
1184	-16777216
1191	-16777216
1190	-16777216
1189	-16777216
1188	-16777216
1195	-16777216
1194	-16777216
1193	-16777216
1192	-16777216
1199	-16777216
1198	-16777216
1197	-16777216
1196	-16777216
1202	-16777216
1203	-16777216
1200	-16777216
1201	-16777216
1206	-16777216
1207	-16777216
1204	-16777216
1205	-16777216
1210	-16777216
1211	-16777216
1208	-16777216
1209	-16777216
1214	-16777216
1215	-16777216
1212	-16777216
1213	-16777216
1375	-16777216
1374	-16777216
1373	-16777216
1372	-16777216
1371	-16777216
1370	-16777216
1369	-16777216
1368	-16777216
1367	-16777216
1366	-16777216
1365	-16777216
1364	-16777216
1363	-16777216
1362	-16777216
1361	-16777216
1360	-16777216
1358	-16777216
1359	-16777216
1356	-16777216
1357	-16777216
1354	-16777216
1355	-16777216
1352	-16777216
1353	-16777216
1350	-16777216
1351	-16777216
1348	-16777216
1349	-16777216
1346	-16777216
1347	-16777216
1344	-16777216
1345	-16777216
1405	-16777216
1404	-16777216
1407	-16777216
1406	-16777216
1401	-16777216
1400	-16777216
1403	-16777216
1402	-16777216
1397	-16777216
1396	-16777216
1399	-16777216
1398	-16777216
1393	-16777216
1392	-16777216
1395	-16777216
1394	-16777216
1388	-16777216
1389	-16777216
1390	-16777216
1391	-16777216
1384	-16777216
1385	-16777216
1386	-16777216
1387	-16777216
1380	-16777216
1381	-16777216
1382	-16777216
1383	-16777216
1376	-16777216
1377	-16777216
1378	-16777216
1379	-16777216
1307	-16777216
1306	-16777216
1305	-16777216
1304	-16777216
1311	-16777216
1310	-16777216
1309	-16777216
1308	-16777216
1299	-16777216
1298	-16777216
1297	-16777216
1296	-16777216
1303	-16777216
1302	-16777216
1301	-16777216
1300	-16777216
1290	-16777216
1291	-16777216
1288	-16777216
1289	-16777216
1294	-16777216
1295	-16777216
1292	-16777216
1293	-16777216
1282	-16777216
1283	-16777216
1280	-16777216
1281	-16777216
1286	-16777216
1287	-16777216
1284	-16777216
1285	-16777216
1337	-16777216
1336	-16777216
1339	-16777216
1338	-16777216
1341	-16777216
1340	-16777216
1343	-16777216
1342	-16777216
1329	-16777216
1328	-16777216
1331	-16777216
1330	-16777216
1333	-16777216
1332	-16777216
1335	-16777216
1334	-16777216
1320	-16777216
1321	-16777216
1322	-16777216
1323	-16777216
1324	-16777216
1325	-16777216
1326	-16777216
1327	-16777216
1312	-16777216
1313	-16777216
1314	-16777216
1315	-16777216
1316	-16777216
1317	-16777216
1318	-16777216
1319	-16777216
1494	-16777216
1495	-16777216
1492	-16777216
1493	-16777216
1490	-16777216
1491	-16777216
1488	-16777216
1489	-16777216
1502	-16777216
1503	-16777216
1500	-16777216
1501	-16777216
1498	-16777216
1499	-16777216
1496	-16777216
1497	-16777216
1479	-16777216
1478	-16777216
1477	-16777216
1476	-16777216
1475	-16777216
1474	-16777216
1473	-16777216
1472	-16777216
1487	-16777216
1486	-16777216
1485	-16777216
1484	-16777216
1483	-16777216
1482	-16777216
1481	-16777216
1480	-16777216
1524	-16777216
1525	-16777216
1526	-16777216
1527	-16777216
1520	-16777216
1521	-16777216
1522	-16777216
1523	-16777216
1532	-16777216
1533	-16777216
1534	-16777216
1535	-16777216
1528	-16777216
1529	-16777216
1530	-16777216
1531	-16777216
1509	-16777216
1508	-16777216
1511	-16777216
1510	-16777216
1505	-16777216
1504	-16777216
1507	-16777216
1506	-16777216
1517	-16777216
1516	-16777216
1519	-16777216
1518	-16777216
1513	-16777216
1512	-16777216
1515	-16777216
1514	-16777216
1426	-16777216
1427	-16777216
1424	-16777216
1425	-16777216
1430	-16777216
1431	-16777216
1428	-16777216
1429	-16777216
1434	-16777216
1435	-16777216
1432	-16777216
1433	-16777216
1438	-16777216
1439	-16777216
1436	-16777216
1437	-16777216
1411	-16777216
1410	-16777216
1409	-16777216
1408	-16777216
1415	-16777216
1414	-16777216
1413	-16777216
1412	-16777216
1419	-16777216
1418	-16777216
1417	-16777216
1416	-16777216
1423	-16777216
1422	-16777216
1421	-16777216
1420	-16777216
1456	-16777216
1457	-16777216
1458	-16777216
1459	-16777216
1460	-16777216
1461	-16777216
1462	-16777216
1463	-16777216
1464	-16777216
1465	-16777216
1466	-16777216
1467	-16777216
1468	-16777216
1469	-16777216
1470	-16777216
1471	-16777216
1441	-16777216
1440	-16777216
1443	-16777216
1442	-16777216
1445	-16777216
1444	-16777216
1447	-16777216
1446	-16777216
1449	-16777216
1448	-16777216
1451	-16777216
1450	-16777216
1453	-16777216
1452	-16777216
1455	-16777216
1454	-16777216
1642	-16777216
1643	-16777216
1640	-16777216
1641	-16777216
1646	-16777216
1647	-16777216
1644	-16777216
1645	-16777216
1634	-16777216
1635	-16777216
1632	-16777216
1633	-16777216
1638	-16777216
1639	-16777216
1636	-16777216
1637	-16777216
1659	-16777216
1658	-16777216
1657	-16777216
1656	-16777216
1663	-16777216
1662	-16777216
1661	-16777216
1660	-16777216
1651	-16777216
1650	-16777216
1649	-16777216
1648	-16777216
1655	-16777216
1654	-16777216
1653	-16777216
1652	-16777216
1608	-16777216
1609	-16777216
1610	-16777216
1611	-16777216
1612	-16777216
1613	-16777216
1614	-16777216
1615	-16777216
1600	-16777216
1601	-16777216
1602	-16777216
1603	-16777216
1604	-16777216
1605	-16777216
1606	-16777216
1607	-16777216
1625	-16777216
1624	-16777216
1627	-16777216
1626	-16777216
1629	-16777216
1628	-16777216
1631	-16777216
1630	-16777216
1617	-16777216
1616	-16777216
1619	-16777216
1618	-16777216
1621	-16777216
1620	-16777216
1623	-16777216
1622	-16777216
1582	-16777216
1583	-16777216
1580	-16777216
1581	-16777216
1578	-16777216
1579	-16777216
1576	-16777216
1577	-16777216
1574	-16777216
1575	-16777216
1572	-16777216
1573	-16777216
1570	-16777216
1571	-16777216
1568	-16777216
1569	-16777216
1599	-16777216
1598	-16777216
1597	-16777216
1596	-16777216
1595	-16777216
1594	-16777216
1593	-16777216
1592	-16777216
1591	-16777216
1590	-16777216
1589	-16777216
1588	-16777216
1587	-16777216
1586	-16777216
1585	-16777216
1584	-16777216
1548	-16777216
1549	-16777216
1550	-16777216
1551	-16777216
1544	-16777216
1545	-16777216
1546	-16777216
1547	-16777216
1540	-16777216
1541	-16777216
1542	-16777216
1543	-16777216
1536	-16777216
1537	-16777216
1538	-16777216
1539	-16777216
1565	-16777216
1564	-16777216
1567	-16777216
1566	-16777216
1561	-16777216
1560	-16777216
1563	-16777216
1562	-16777216
1557	-16777216
1556	-16777216
1559	-16777216
1558	-16777216
1553	-16777216
1552	-16777216
1555	-16777216
1554	-16777216
1763	-16777216
1762	-16777216
1761	-16777216
1760	-16777216
1767	-16777216
1766	-16777216
1765	-16777216
1764	-16777216
1771	-16777216
1770	-16777216
1769	-16777216
1768	-16777216
1775	-16777216
1774	-16777216
1773	-16777216
1772	-16777216
1778	-16777216
1779	-16777216
1776	-16777216
1777	-16777216
1782	-16777216
1783	-16777216
1780	-16777216
1781	-16777216
1786	-16777216
1787	-16777216
1784	-16777216
1785	-16777216
1790	-16777216
1791	-16777216
1788	-16777216
1789	-16777216
1729	-16777216
1728	-16777216
1731	-16777216
1730	-16777216
1733	-16777216
1732	-16777216
1735	-16777216
1734	-16777216
1737	-16777216
1736	-16777216
1739	-16777216
1738	-16777216
1741	-16777216
1740	-16777216
1743	-16777216
1742	-16777216
1744	-16777216
1745	-16777216
1746	-16777216
1747	-16777216
1748	-16777216
1749	-16777216
1750	-16777216
1751	-16777216
1752	-16777216
1753	-16777216
1754	-16777216
1755	-16777216
1756	-16777216
1757	-16777216
1758	-16777216
1759	-16777216
1703	-16777216
1702	-16777216
1701	-16777216
1700	-16777216
1699	-16777216
1698	-16777216
1697	-16777216
1696	-16777216
1711	-16777216
1710	-16777216
1709	-16777216
1708	-16777216
1707	-16777216
1706	-16777216
1705	-16777216
1704	-16777216
1718	-16777216
1719	-16777216
1716	-16777216
1717	-16777216
1714	-16777216
1715	-16777216
1712	-16777216
1713	-16777216
1726	-16777216
1727	-16777216
1724	-16777216
1725	-16777216
1722	-16777216
1723	-16777216
1720	-16777216
1721	-16777216
1669	-16777216
1668	-16777216
1671	-16777216
1670	-16777216
1665	-16777216
1664	-16777216
1667	-16777216
1666	-16777216
1677	-16777216
1676	-16777216
1679	-16777216
1678	-16777216
1673	-16777216
1672	-16777216
1675	-16777216
1674	-16777216
1684	-16777216
1685	-16777216
1686	-16777216
1687	-16777216
1680	-16777216
1681	-16777216
1682	-16777216
1683	-16777216
1692	-16777216
1693	-16777216
1694	-16777216
1695	-16777216
1688	-16777216
1689	-16777216
1690	-16777216
1691	-16777216
1913	-16777216
1912	-16777216
1915	-16777216
1914	-16777216
1917	-16777216
1916	-16777216
1919	-16777216
1918	-16777216
1905	-16777216
1904	-16777216
1907	-16777216
1906	-16777216
1909	-16777216
1908	-16777216
1911	-16777216
1910	-16777216
1896	-16777216
1897	-16777216
1898	-16777216
1899	-16777216
1900	-16777216
1901	-16777216
1902	-16777216
1903	-16777216
1888	-16777216
1889	-16777216
1890	-16777216
1891	-16777216
1892	-16777216
1893	-16777216
1894	-16777216
1895	-16777216
1883	-16777216
1882	-16777216
1881	-16777216
1880	-16777216
1887	-16777216
1886	-16777216
1885	-16777216
1884	-16777216
1875	-16777216
1874	-16777216
1873	-16777216
1872	-16777216
1879	-16777216
1878	-16777216
1877	-16777216
1876	-16777216
1866	-16777216
1867	-16777216
1864	-16777216
1865	-16777216
1870	-16777216
1871	-16777216
1868	-16777216
1869	-16777216
1858	-16777216
1859	-16777216
1856	-16777216
1857	-16777216
1862	-16777216
1863	-16777216
1860	-16777216
1861	-16777216
1853	-16777216
1852	-16777216
1855	-16777216
1854	-16777216
1849	-16777216
1848	-16777216
1851	-16777216
1850	-16777216
1845	-16777216
1844	-16777216
1847	-16777216
1846	-16777216
1841	-16777216
1840	-16777216
1843	-16777216
1842	-16777216
1836	-16777216
1837	-16777216
1838	-16777216
1839	-16777216
1832	-16777216
1833	-16777216
1834	-16777216
1835	-16777216
1828	-16777216
1829	-16777216
1830	-16777216
1831	-16777216
1824	-16777216
1825	-16777216
1826	-16777216
1827	-16777216
1823	-16777216
1822	-16777216
1821	-16777216
1820	-16777216
1819	-16777216
1818	-16777216
1817	-16777216
1816	-16777216
1815	-16777216
1814	-16777216
1813	-16777216
1812	-16777216
1811	-16777216
1810	-16777216
1809	-16777216
1808	-16777216
1806	-16777216
1807	-16777216
1804	-16777216
1805	-16777216
1802	-16777216
1803	-16777216
1800	-16777216
1801	-16777216
1798	-16777216
1799	-16777216
1796	-16777216
1797	-16777216
1794	-16777216
1795	-16777216
1792	-16777216
1793	-16777216
2032	-16777216
2033	-16777216
2034	-16777216
2035	-16777216
2036	-16777216
2037	-16777216
2038	-16777216
2039	-16777216
2040	-16777216
2041	-16777216
2042	-16777216
2043	-16777216
2044	-16777216
2045	-16777216
2046	-16777216
2047	-16777216
2017	-16777216
2016	-16777216
2019	-16777216
2018	-16777216
2021	-16777216
2020	-16777216
2023	-16777216
2022	-16777216
2025	-16777216
2024	-16777216
2027	-16777216
2026	-16777216
2029	-16777216
2028	-16777216
2031	-16777216
2030	-16777216
2002	-16777216
2003	-16777216
2000	-16777216
2001	-16777216
2006	-16777216
2007	-16777216
2004	-16777216
2005	-16777216
2010	-16777216
2011	-16777216
2008	-16777216
2009	-16777216
2014	-16777216
2015	-16777216
2012	-16777216
2013	-16777216
1987	-16777216
1986	-16777216
1985	-16777216
1984	-16777216
1991	-16777216
1990	-16777216
1989	-16777216
1988	-16777216
1995	-16777216
1994	-16777216
1993	-16777216
1992	-16777216
1999	-16777216
1998	-16777216
1997	-16777216
1996	-16777216
1972	-16777216
1973	-16777216
1974	-16777216
1975	-16777216
1968	-16777216
1969	-16777216
1970	-16777216
1971	-16777216
1980	-16777216
1981	-16777216
1982	-16777216
1983	-16777216
1976	-16777216
1977	-16777216
1978	-16777216
1979	-16777216
1957	-16777216
1956	-16777216
1959	-16777216
1958	-16777216
1953	-16777216
1952	-16777216
1955	-16777216
1954	-16777216
1965	-16777216
1964	-16777216
1967	-16777216
1966	-16777216
1961	-16777216
1960	-16777216
1963	-16777216
1962	-16777216
1942	-16777216
1943	-16777216
1940	-16777216
1941	-16777216
1938	-16777216
1939	-16777216
1936	-16777216
1937	-16777216
1950	-16777216
1951	-16777216
1948	-16777216
1949	-16777216
1946	-16777216
1947	-16777216
1944	-16777216
1945	-16777216
1927	-16777216
1926	-16777216
1925	-16777216
1924	-16777216
1923	-16777216
1922	-16777216
1921	-16777216
1920	-16777216
1935	-16777216
1934	-16777216
1933	-16777216
1932	-16777216
1931	-16777216
1930	-16777216
1929	-16777216
1928	-16777216
2200	-16777216
2201	-16777216
2202	-16777216
2203	-16777216
2204	-16777216
2205	-16777216
2206	-16777216
2207	-16777216
2192	-16777216
2193	-16777216
2194	-16777216
2195	-16777216
2196	-16777216
2197	-16777216
2198	-16777216
2199	-16777216
2185	-16777216
2184	-16777216
2187	-16777216
2186	-16777216
2189	-16777216
2188	-16777216
2191	-16777216
2190	-16777216
2177	-16777216
2176	-16777216
2179	-16777216
2178	-16777216
2181	-16777216
2180	-16777216
2183	-16777216
2182	-16777216
2234	-16777216
2235	-16777216
2232	-16777216
2233	-16777216
2238	-16777216
2239	-16777216
2236	-16777216
2237	-16777216
2226	-16777216
2227	-16777216
2224	-16777216
2225	-16777216
2230	-16777216
2231	-16777216
2228	-16777216
2229	-16777216
2219	-16777216
2218	-16777216
2217	-16777216
2216	-16777216
2223	-16777216
2222	-16777216
2221	-16777216
2220	-16777216
2211	-16777216
2210	-16777216
2209	-16777216
2208	-16777216
2215	-16777216
2214	-16777216
2213	-16777216
2212	-16777216
2268	-16777216
2269	-16777216
2270	-16777216
2271	-16777216
2264	-16777216
2265	-16777216
2266	-16777216
2267	-16777216
2260	-16777216
2261	-16777216
2262	-16777216
2263	-16777216
2256	-16777216
2257	-16777216
2258	-16777216
2259	-16777216
2253	-16777216
2252	-16777216
2255	-16777216
2254	-16777216
2249	-16777216
2248	-16777216
2251	-16777216
2250	-16777216
2245	-16777216
2244	-16777216
2247	-16777216
2246	-16777216
2241	-16777216
2240	-16777216
2243	-16777216
2242	-16777216
2302	-16777216
2303	-16777216
2300	-16777216
2301	-16777216
2298	-16777216
2299	-16777216
2296	-16777216
2297	-16777216
2294	-16777216
2295	-16777216
2292	-16777216
2293	-16777216
2290	-16777216
2291	-16777216
2288	-16777216
2289	-16777216
2287	-16777216
2286	-16777216
2285	-16777216
2284	-16777216
2283	-16777216
2282	-16777216
2281	-16777216
2280	-16777216
2279	-16777216
2278	-16777216
2277	-16777216
2276	-16777216
2275	-16777216
2274	-16777216
2273	-16777216
2272	-16777216
2065	-16777216
2064	-16777216
2067	-16777216
2066	-16777216
2069	-16777216
2068	-16777216
2071	-16777216
2070	-16777216
2073	-16777216
2072	-16777216
2075	-16777216
2074	-16777216
2077	-16777216
2076	-16777216
2079	-16777216
2078	-16777216
2048	-16777216
2049	-16777216
2050	-16777216
2051	-16777216
2052	-16777216
2053	-16777216
2054	-16777216
2055	-16777216
2056	-16777216
2057	-16777216
2058	-16777216
2059	-16777216
2060	-16777216
2061	-16777216
2062	-16777216
2063	-16777216
2099	-16777216
2098	-16777216
2097	-16777216
2096	-16777216
2103	-16777216
2102	-16777216
2101	-16777216
2100	-16777216
2107	-16777216
2106	-16777216
2105	-16777216
2104	-16777216
2111	-16777216
2110	-16777216
2109	-16777216
2108	-16777216
2082	-16777216
2083	-16777216
2080	-16777216
2081	-16777216
2086	-16777216
2087	-16777216
2084	-16777216
2085	-16777216
2090	-16777216
2091	-16777216
2088	-16777216
2089	-16777216
2094	-16777216
2095	-16777216
2092	-16777216
2093	-16777216
2133	-16777216
2132	-16777216
2135	-16777216
2134	-16777216
2129	-16777216
2128	-16777216
2131	-16777216
2130	-16777216
2141	-16777216
2140	-16777216
2143	-16777216
2142	-16777216
2137	-16777216
2136	-16777216
2139	-16777216
2138	-16777216
2116	-16777216
2117	-16777216
2118	-16777216
2119	-16777216
2112	-16777216
2113	-16777216
2114	-16777216
2115	-16777216
2124	-16777216
2125	-16777216
2126	-16777216
2127	-16777216
2120	-16777216
2121	-16777216
2122	-16777216
2123	-16777216
2167	-16777216
2166	-16777216
2165	-16777216
2164	-16777216
2163	-16777216
2162	-16777216
2161	-16777216
2160	-16777216
2175	-16777216
2174	-16777216
2173	-16777216
2172	-16777216
2171	-16777216
2170	-16777216
2169	-16777216
2168	-16777216
2150	-16777216
2151	-16777216
2148	-16777216
2149	-16777216
2146	-16777216
2147	-16777216
2144	-16777216
2145	-16777216
2158	-16777216
2159	-16777216
2156	-16777216
2157	-16777216
2154	-16777216
2155	-16777216
2152	-16777216
2153	-16777216
2443	-16777216
2442	-16777216
2441	-16777216
2440	-16777216
2447	-16777216
2446	-16777216
2445	-16777216
2444	-16777216
2435	-16777216
2434	-16777216
2433	-16777216
2432	-16777216
2439	-16777216
2438	-16777216
2437	-16777216
2436	-16777216
2458	-16777216
2459	-16777216
2456	-16777216
2457	-16777216
2462	-16777216
2463	-16777216
2460	-16777216
2461	-16777216
2450	-16777216
2451	-16777216
2448	-16777216
2449	-16777216
2454	-16777216
2455	-16777216
2452	-16777216
2453	-16777216
2473	-16777216
2472	-16777216
2475	-16777216
2474	-16777216
2477	-16777216
2476	-16777216
2479	-16777216
2478	-16777216
2465	-16777216
2464	-16777216
2467	-16777216
2466	-16777216
2469	-16777216
2468	-16777216
2471	-16777216
2470	-16777216
2488	-16777216
2489	-16777216
2490	-16777216
2491	-16777216
2492	-16777216
2493	-16777216
2494	-16777216
2495	-16777216
2480	-16777216
2481	-16777216
2482	-16777216
2483	-16777216
2484	-16777216
2485	-16777216
2486	-16777216
2487	-16777216
2511	-16777216
2510	-16777216
2509	-16777216
2508	-16777216
2507	-16777216
2506	-16777216
2505	-16777216
2504	-16777216
2503	-16777216
2502	-16777216
2501	-16777216
2500	-16777216
2499	-16777216
2498	-16777216
2497	-16777216
2496	-16777216
2526	-16777216
2527	-16777216
2524	-16777216
2525	-16777216
2522	-16777216
2523	-16777216
2520	-16777216
2521	-16777216
2518	-16777216
2519	-16777216
2516	-16777216
2517	-16777216
2514	-16777216
2515	-16777216
2512	-16777216
2513	-16777216
2541	-16777216
2540	-16777216
2543	-16777216
2542	-16777216
2537	-16777216
2536	-16777216
2539	-16777216
2538	-16777216
2533	-16777216
2532	-16777216
2535	-16777216
2534	-16777216
2529	-16777216
2528	-16777216
2531	-16777216
2530	-16777216
2556	-16777216
2557	-16777216
2558	-16777216
2559	-16777216
2552	-16777216
2553	-16777216
2554	-16777216
2555	-16777216
2548	-16777216
2549	-16777216
2550	-16777216
2551	-16777216
2544	-16777216
2545	-16777216
2546	-16777216
2547	-16777216
2306	-16777216
2307	-16777216
2304	-16777216
2305	-16777216
2310	-16777216
2311	-16777216
2308	-16777216
2309	-16777216
2314	-16777216
2315	-16777216
2312	-16777216
2313	-16777216
2318	-16777216
2319	-16777216
2316	-16777216
2317	-16777216
2323	-16777216
2322	-16777216
2321	-16777216
2320	-16777216
2327	-16777216
2326	-16777216
2325	-16777216
2324	-16777216
2331	-16777216
2330	-16777216
2329	-16777216
2328	-16777216
2335	-16777216
2334	-16777216
2333	-16777216
2332	-16777216
2336	-16777216
2337	-16777216
2338	-16777216
2339	-16777216
2340	-16777216
2341	-16777216
2342	-16777216
2343	-16777216
2344	-16777216
2345	-16777216
2346	-16777216
2347	-16777216
2348	-16777216
2349	-16777216
2350	-16777216
2351	-16777216
2353	-16777216
2352	-16777216
2355	-16777216
2354	-16777216
2357	-16777216
2356	-16777216
2359	-16777216
2358	-16777216
2361	-16777216
2360	-16777216
2363	-16777216
2362	-16777216
2365	-16777216
2364	-16777216
2367	-16777216
2366	-16777216
2374	-16777216
2375	-16777216
2372	-16777216
2373	-16777216
2370	-16777216
2371	-16777216
2368	-16777216
2369	-16777216
2382	-16777216
2383	-16777216
2380	-16777216
2381	-16777216
2378	-16777216
2379	-16777216
2376	-16777216
2377	-16777216
2391	-16777216
2390	-16777216
2389	-16777216
2388	-16777216
2387	-16777216
2386	-16777216
2385	-16777216
2384	-16777216
2399	-16777216
2398	-16777216
2397	-16777216
2396	-16777216
2395	-16777216
2394	-16777216
2393	-16777216
2392	-16777216
2404	-16777216
2405	-16777216
2406	-16777216
2407	-16777216
2400	-16777216
2401	-16777216
2402	-16777216
2403	-16777216
2412	-16777216
2413	-16777216
2414	-16777216
2415	-16777216
2408	-16777216
2409	-16777216
2410	-16777216
2411	-16777216
2421	-16777216
2420	-16777216
2423	-16777216
2422	-16777216
2417	-16777216
2416	-16777216
2419	-16777216
2418	-16777216
2429	-16777216
2428	-16777216
2431	-16777216
2430	-16777216
2425	-16777216
2424	-16777216
2427	-16777216
2426	-16777216
2750	-16777216
2751	-16777216
2748	-16777216
2749	-16777216
2746	-16777216
2747	-16777216
2744	-16777216
2745	-16777216
2742	-16777216
2743	-16777216
2740	-16777216
2741	-16777216
2738	-16777216
2739	-16777216
2736	-16777216
2737	-16777216
2735	-16777216
2734	-16777216
2733	-16777216
2732	-16777216
2731	-16777216
2730	-16777216
2729	-16777216
2728	-16777216
2727	-16777216
2726	-16777216
2725	-16777216
2724	-16777216
2723	-16777216
2722	-16777216
2721	-16777216
2720	-16777216
2716	-16777216
2717	-16777216
2718	-16777216
2719	-16777216
2712	-16777216
2713	-16777216
2714	-16777216
2715	-16777216
2708	-16777216
2709	-16777216
2710	-16777216
2711	-16777216
2704	-16777216
2705	-16777216
2706	-16777216
2707	-16777216
2701	-16777216
2700	-16777216
2703	-16777216
2702	-16777216
2697	-16777216
2696	-16777216
2699	-16777216
2698	-16777216
2693	-16777216
2692	-16777216
2695	-16777216
2694	-16777216
2689	-16777216
2688	-16777216
2691	-16777216
2690	-16777216
2810	-16777216
2811	-16777216
2808	-16777216
2809	-16777216
2814	-16777216
2815	-16777216
2812	-16777216
2813	-16777216
2802	-16777216
2803	-16777216
2800	-16777216
2801	-16777216
2806	-16777216
2807	-16777216
2804	-16777216
2805	-16777216
2795	-16777216
2794	-16777216
2793	-16777216
2792	-16777216
2799	-16777216
2798	-16777216
2797	-16777216
2796	-16777216
2787	-16777216
2786	-16777216
2785	-16777216
2784	-16777216
2791	-16777216
2790	-16777216
2789	-16777216
2788	-16777216
2776	-16777216
2777	-16777216
2778	-16777216
2779	-16777216
2780	-16777216
2781	-16777216
2782	-16777216
2783	-16777216
2768	-16777216
2769	-16777216
2770	-16777216
2771	-16777216
2772	-16777216
2773	-16777216
2774	-16777216
2775	-16777216
2761	-16777216
2760	-16777216
2763	-16777216
2762	-16777216
2765	-16777216
2764	-16777216
2767	-16777216
2766	-16777216
2753	-16777216
2752	-16777216
2755	-16777216
2754	-16777216
2757	-16777216
2756	-16777216
2759	-16777216
2758	-16777216
2615	-16777216
2614	-16777216
2613	-16777216
2612	-16777216
2611	-16777216
2610	-16777216
2609	-16777216
2608	-16777216
2623	-16777216
2622	-16777216
2621	-16777216
2620	-16777216
2619	-16777216
2618	-16777216
2617	-16777216
2616	-16777216
2598	-16777216
2599	-16777216
2596	-16777216
2597	-16777216
2594	-16777216
2595	-16777216
2592	-16777216
2593	-16777216
2606	-16777216
2607	-16777216
2604	-16777216
2605	-16777216
2602	-16777216
2603	-16777216
2600	-16777216
2601	-16777216
2581	-16777216
2580	-16777216
2583	-16777216
2582	-16777216
2577	-16777216
2576	-16777216
2579	-16777216
2578	-16777216
2589	-16777216
2588	-16777216
2591	-16777216
2590	-16777216
2585	-16777216
2584	-16777216
2587	-16777216
2586	-16777216
2564	-16777216
2565	-16777216
2566	-16777216
2567	-16777216
2560	-16777216
2561	-16777216
2562	-16777216
2563	-16777216
2572	-16777216
2573	-16777216
2574	-16777216
2575	-16777216
2568	-16777216
2569	-16777216
2570	-16777216
2571	-16777216
2675	-16777216
2674	-16777216
2673	-16777216
2672	-16777216
2679	-16777216
2678	-16777216
2677	-16777216
2676	-16777216
2683	-16777216
2682	-16777216
2681	-16777216
2680	-16777216
2687	-16777216
2686	-16777216
2685	-16777216
2684	-16777216
2658	-16777216
2659	-16777216
2656	-16777216
2657	-16777216
2662	-16777216
2663	-16777216
2660	-16777216
2661	-16777216
2666	-16777216
2667	-16777216
2664	-16777216
2665	-16777216
2670	-16777216
2671	-16777216
2668	-16777216
2669	-16777216
2641	-16777216
2640	-16777216
2643	-16777216
2642	-16777216
2645	-16777216
2644	-16777216
2647	-16777216
2646	-16777216
2649	-16777216
2648	-16777216
2651	-16777216
2650	-16777216
2653	-16777216
2652	-16777216
2655	-16777216
2654	-16777216
2624	-16777216
2625	-16777216
2626	-16777216
2627	-16777216
2628	-16777216
2629	-16777216
2630	-16777216
2631	-16777216
2632	-16777216
2633	-16777216
2634	-16777216
2635	-16777216
2636	-16777216
2637	-16777216
2638	-16777216
2639	-16777216
2989	-16777216
2988	-16777216
2991	-16777216
2990	-16777216
2985	-16777216
2984	-16777216
2987	-16777216
2986	-16777216
2981	-16777216
2980	-16777216
2983	-16777216
2982	-16777216
2977	-16777216
2976	-16777216
2979	-16777216
2978	-16777216
3004	-16777216
3005	-16777216
3006	-16777216
3007	-16777216
3000	-16777216
3001	-16777216
3002	-16777216
3003	-16777216
2996	-16777216
2997	-16777216
2998	-16777216
2999	-16777216
2992	-16777216
2993	-16777216
2994	-16777216
2995	-16777216
2959	-16777216
2958	-16777216
2957	-16777216
2956	-16777216
2955	-16777216
2954	-16777216
2953	-16777216
2952	-16777216
2951	-16777216
2950	-16777216
2949	-16777216
2948	-16777216
2947	-16777216
2946	-16777216
2945	-16777216
2944	-16777216
2974	-16777216
2975	-16777216
2972	-16777216
2973	-16777216
2970	-16777216
2971	-16777216
2968	-16777216
2969	-16777216
2966	-16777216
2967	-16777216
2964	-16777216
2965	-16777216
2962	-16777216
2963	-16777216
2960	-16777216
2961	-16777216
3049	-16777216
3048	-16777216
3051	-16777216
3050	-16777216
3053	-16777216
3052	-16777216
3055	-16777216
3054	-16777216
3041	-16777216
3040	-16777216
3043	-16777216
3042	-16777216
3045	-16777216
3044	-16777216
3047	-16777216
3046	-16777216
3064	-16777216
3065	-16777216
3066	-16777216
3067	-16777216
3068	-16777216
3069	-16777216
3070	-16777216
3071	-16777216
3056	-16777216
3057	-16777216
3058	-16777216
3059	-16777216
3060	-16777216
3061	-16777216
3062	-16777216
3063	-16777216
3019	-16777216
3018	-16777216
3017	-16777216
3016	-16777216
3023	-16777216
3022	-16777216
3021	-16777216
3020	-16777216
3011	-16777216
3010	-16777216
3009	-16777216
3008	-16777216
3015	-16777216
3014	-16777216
3013	-16777216
3012	-16777216
3034	-16777216
3035	-16777216
3032	-16777216
3033	-16777216
3038	-16777216
3039	-16777216
3036	-16777216
3037	-16777216
3026	-16777216
3027	-16777216
3024	-16777216
3025	-16777216
3030	-16777216
3031	-16777216
3028	-16777216
3029	-16777216
2852	-16777216
2853	-16777216
2854	-16777216
2855	-16777216
2848	-16777216
2849	-16777216
2850	-16777216
2851	-16777216
2860	-16777216
2861	-16777216
2862	-16777216
2863	-16777216
2856	-16777216
2857	-16777216
2858	-16777216
2859	-16777216
2869	-16777216
2868	-16777216
2871	-16777216
2870	-16777216
2865	-16777216
2864	-16777216
2867	-16777216
2866	-16777216
2877	-16777216
2876	-16777216
2879	-16777216
2878	-16777216
2873	-16777216
2872	-16777216
2875	-16777216
2874	-16777216
2822	-16777216
2823	-16777216
2820	-16777216
2821	-16777216
2818	-16777216
2819	-16777216
2816	-16777216
2817	-16777216
2830	-16777216
2831	-16777216
2828	-16777216
2829	-16777216
2826	-16777216
2827	-16777216
2824	-16777216
2825	-16777216
2839	-16777216
2838	-16777216
2837	-16777216
2836	-16777216
2835	-16777216
2834	-16777216
2833	-16777216
2832	-16777216
2847	-16777216
2846	-16777216
2845	-16777216
2844	-16777216
2843	-16777216
2842	-16777216
2841	-16777216
2840	-16777216
2912	-16777216
2913	-16777216
2914	-16777216
2915	-16777216
2916	-16777216
2917	-16777216
2918	-16777216
2919	-16777216
2920	-16777216
2921	-16777216
2922	-16777216
2923	-16777216
2924	-16777216
2925	-16777216
2926	-16777216
2927	-16777216
2929	-16777216
2928	-16777216
2931	-16777216
2930	-16777216
2933	-16777216
2932	-16777216
2935	-16777216
2934	-16777216
2937	-16777216
2936	-16777216
2939	-16777216
2938	-16777216
2941	-16777216
2940	-16777216
2943	-16777216
2942	-16777216
2882	-16777216
2883	-16777216
2880	-16777216
2881	-16777216
2886	-16777216
2887	-16777216
2884	-16777216
2885	-16777216
2890	-16777216
2891	-16777216
2888	-16777216
2889	-16777216
2894	-16777216
2895	-16777216
2892	-16777216
2893	-16777216
2899	-16777216
2898	-16777216
2897	-16777216
2896	-16777216
2903	-16777216
2902	-16777216
2901	-16777216
2900	-16777216
2907	-16777216
2906	-16777216
2905	-16777216
2904	-16777216
2911	-16777216
2910	-16777216
2909	-16777216
2908	-16777216
3284	-16777216
3285	-16777216
3286	-16777216
3287	-16777216
3280	-16777216
3281	-16777216
3282	-16777216
3283	-16777216
3292	-16777216
3293	-16777216
3294	-16777216
3295	-16777216
3288	-16777216
3289	-16777216
3290	-16777216
3291	-16777216
3269	-16777216
3268	-16777216
3271	-16777216
3270	-16777216
3265	-16777216
3264	-16777216
3267	-16777216
3266	-16777216
3277	-16777216
3276	-16777216
3279	-16777216
3278	-16777216
3273	-16777216
3272	-16777216
3275	-16777216
3274	-16777216
3318	-16777216
3319	-16777216
3316	-16777216
3317	-16777216
3314	-16777216
3315	-16777216
3312	-16777216
3313	-16777216
3326	-16777216
3327	-16777216
3324	-16777216
3325	-16777216
3322	-16777216
3323	-16777216
3320	-16777216
3321	-16777216
3303	-16777216
3302	-16777216
3301	-16777216
3300	-16777216
3299	-16777216
3298	-16777216
3297	-16777216
3296	-16777216
3311	-16777216
3310	-16777216
3309	-16777216
3308	-16777216
3307	-16777216
3306	-16777216
3305	-16777216
3304	-16777216
3216	-16777216
3217	-16777216
3218	-16777216
3219	-16777216
3220	-16777216
3221	-16777216
3222	-16777216
3223	-16777216
3224	-16777216
3225	-16777216
3226	-16777216
3227	-16777216
3228	-16777216
3229	-16777216
3230	-16777216
3231	-16777216
3201	-16777216
3200	-16777216
3203	-16777216
3202	-16777216
3205	-16777216
3204	-16777216
3207	-16777216
3206	-16777216
3209	-16777216
3208	-16777216
3211	-16777216
3210	-16777216
3213	-16777216
3212	-16777216
3215	-16777216
3214	-16777216
3250	-16777216
3251	-16777216
3248	-16777216
3249	-16777216
3254	-16777216
3255	-16777216
3252	-16777216
3253	-16777216
3258	-16777216
3259	-16777216
3256	-16777216
3257	-16777216
3262	-16777216
3263	-16777216
3260	-16777216
3261	-16777216
3235	-16777216
3234	-16777216
3233	-16777216
3232	-16777216
3239	-16777216
3238	-16777216
3237	-16777216
3236	-16777216
3243	-16777216
3242	-16777216
3241	-16777216
3240	-16777216
3247	-16777216
3246	-16777216
3245	-16777216
3244	-16777216
3165	-16777216
3164	-16777216
3167	-16777216
3166	-16777216
3161	-16777216
3160	-16777216
3163	-16777216
3162	-16777216
3157	-16777216
3156	-16777216
3159	-16777216
3158	-16777216
3153	-16777216
3152	-16777216
3155	-16777216
3154	-16777216
3148	-16777216
3149	-16777216
3150	-16777216
3151	-16777216
3144	-16777216
3145	-16777216
3146	-16777216
3147	-16777216
3140	-16777216
3141	-16777216
3142	-16777216
3143	-16777216
3136	-16777216
3137	-16777216
3138	-16777216
3139	-16777216
3199	-16777216
3198	-16777216
3197	-16777216
3196	-16777216
3195	-16777216
3194	-16777216
3193	-16777216
3192	-16777216
3191	-16777216
3190	-16777216
3189	-16777216
3188	-16777216
3187	-16777216
3186	-16777216
3185	-16777216
3184	-16777216
3182	-16777216
3183	-16777216
3180	-16777216
3181	-16777216
3178	-16777216
3179	-16777216
3176	-16777216
3177	-16777216
3174	-16777216
3175	-16777216
3172	-16777216
3173	-16777216
3170	-16777216
3171	-16777216
3168	-16777216
3169	-16777216
3097	-16777216
3096	-16777216
3099	-16777216
3098	-16777216
3101	-16777216
3100	-16777216
3103	-16777216
3102	-16777216
3089	-16777216
3088	-16777216
3091	-16777216
3090	-16777216
3093	-16777216
3092	-16777216
3095	-16777216
3094	-16777216
3080	-16777216
3081	-16777216
3082	-16777216
3083	-16777216
3084	-16777216
3085	-16777216
3086	-16777216
3087	-16777216
3072	-16777216
3073	-16777216
3074	-16777216
3075	-16777216
3076	-16777216
3077	-16777216
3078	-16777216
3079	-16777216
3131	-16777216
3130	-16777216
3129	-16777216
3128	-16777216
3135	-16777216
3134	-16777216
3133	-16777216
3132	-16777216
3123	-16777216
3122	-16777216
3121	-16777216
3120	-16777216
3127	-16777216
3126	-16777216
3125	-16777216
3124	-16777216
3114	-16777216
3115	-16777216
3112	-16777216
3113	-16777216
3118	-16777216
3119	-16777216
3116	-16777216
3117	-16777216
3106	-16777216
3107	-16777216
3104	-16777216
3105	-16777216
3110	-16777216
3111	-16777216
3108	-16777216
3109	-16777216
3527	-16777216
3526	-16777216
3525	-16777216
3524	-16777216
3523	-16777216
3522	-16777216
3521	-16777216
3520	-16777216
3535	-16777216
3534	-16777216
3533	-16777216
3532	-16777216
3531	-16777216
3530	-16777216
3529	-16777216
3528	-16777216
3542	-16777216
3543	-16777216
3540	-16777216
3541	-16777216
3538	-16777216
3539	-16777216
3536	-16777216
3537	-16777216
3550	-16777216
3551	-16777216
3548	-16777216
3549	-16777216
3546	-16777216
3547	-16777216
3544	-16777216
3545	-16777216
3557	-16777216
3556	-16777216
3559	-16777216
3558	-16777216
3553	-16777216
3552	-16777216
3555	-16777216
3554	-16777216
3565	-16777216
3564	-16777216
3567	-16777216
3566	-16777216
3561	-16777216
3560	-16777216
3563	-16777216
3562	-16777216
3572	-16777216
3573	-16777216
3574	-16777216
3575	-16777216
3568	-16777216
3569	-16777216
3570	-16777216
3571	-16777216
3580	-16777216
3581	-16777216
3582	-16777216
3583	-16777216
3576	-16777216
3577	-16777216
3578	-16777216
3579	-16777216
3459	-16777216
3458	-16777216
3457	-16777216
3456	-16777216
3463	-16777216
3462	-16777216
3461	-16777216
3460	-16777216
3467	-16777216
3466	-16777216
3465	-16777216
3464	-16777216
3471	-16777216
3470	-16777216
3469	-16777216
3468	-16777216
3474	-16777216
3475	-16777216
3472	-16777216
3473	-16777216
3478	-16777216
3479	-16777216
3476	-16777216
3477	-16777216
3482	-16777216
3483	-16777216
3480	-16777216
3481	-16777216
3486	-16777216
3487	-16777216
3484	-16777216
3485	-16777216
3489	-16777216
3488	-16777216
3491	-16777216
3490	-16777216
3493	-16777216
3492	-16777216
3495	-16777216
3494	-16777216
3497	-16777216
3496	-16777216
3499	-16777216
3498	-16777216
3501	-16777216
3500	-16777216
3503	-16777216
3502	-16777216
3504	-16777216
3505	-16777216
3506	-16777216
3507	-16777216
3508	-16777216
3509	-16777216
3510	-16777216
3511	-16777216
3512	-16777216
3513	-16777216
3514	-16777216
3515	-16777216
3516	-16777216
3517	-16777216
3518	-16777216
3519	-16777216
3406	-16777216
3407	-16777216
3404	-16777216
3405	-16777216
3402	-16777216
3403	-16777216
3400	-16777216
3401	-16777216
3398	-16777216
3399	-16777216
3396	-16777216
3397	-16777216
3394	-16777216
3395	-16777216
3392	-16777216
3393	-16777216
3423	-16777216
3422	-16777216
3421	-16777216
3420	-16777216
3419	-16777216
3418	-16777216
3417	-16777216
3416	-16777216
3415	-16777216
3414	-16777216
3413	-16777216
3412	-16777216
3411	-16777216
3410	-16777216
3409	-16777216
3408	-16777216
3436	-16777216
3437	-16777216
3438	-16777216
3439	-16777216
3432	-16777216
3433	-16777216
3434	-16777216
3435	-16777216
3428	-16777216
3429	-16777216
3430	-16777216
3431	-16777216
3424	-16777216
3425	-16777216
3426	-16777216
3427	-16777216
3453	-16777216
3452	-16777216
3455	-16777216
3454	-16777216
3449	-16777216
3448	-16777216
3451	-16777216
3450	-16777216
3445	-16777216
3444	-16777216
3447	-16777216
3446	-16777216
3441	-16777216
3440	-16777216
3443	-16777216
3442	-16777216
3338	-16777216
3339	-16777216
3336	-16777216
3337	-16777216
3342	-16777216
3343	-16777216
3340	-16777216
3341	-16777216
3330	-16777216
3331	-16777216
3328	-16777216
3329	-16777216
3334	-16777216
3335	-16777216
3332	-16777216
3333	-16777216
3355	-16777216
3354	-16777216
3353	-16777216
3352	-16777216
3359	-16777216
3358	-16777216
3357	-16777216
3356	-16777216
3347	-16777216
3346	-16777216
3345	-16777216
3344	-16777216
3351	-16777216
3350	-16777216
3349	-16777216
3348	-16777216
3368	-16777216
3369	-16777216
3370	-16777216
3371	-16777216
3372	-16777216
3373	-16777216
3374	-16777216
3375	-16777216
3360	-16777216
3361	-16777216
3362	-16777216
3363	-16777216
3364	-16777216
3365	-16777216
3366	-16777216
3367	-16777216
3385	-16777216
3384	-16777216
3387	-16777216
3386	-16777216
3389	-16777216
3388	-16777216
3391	-16777216
3390	-16777216
3377	-16777216
3376	-16777216
3379	-16777216
3378	-16777216
3381	-16777216
3380	-16777216
3383	-16777216
3382	-16777216
3826	-16777216
3827	-16777216
3824	-16777216
3825	-16777216
3830	-16777216
3831	-16777216
3828	-16777216
3829	-16777216
3834	-16777216
3835	-16777216
3832	-16777216
3833	-16777216
3838	-16777216
3839	-16777216
3836	-16777216
3837	-16777216
3811	-16777216
3810	-16777216
3809	-16777216
3808	-16777216
3815	-16777216
3814	-16777216
3813	-16777216
3812	-16777216
3819	-16777216
3818	-16777216
3817	-16777216
3816	-16777216
3823	-16777216
3822	-16777216
3821	-16777216
3820	-16777216
3792	-16777216
3793	-16777216
3794	-16777216
3795	-16777216
3796	-16777216
3797	-16777216
3798	-16777216
3799	-16777216
3800	-16777216
3801	-16777216
3802	-16777216
3803	-16777216
3804	-16777216
3805	-16777216
3806	-16777216
3807	-16777216
3777	-16777216
3776	-16777216
3779	-16777216
3778	-16777216
3781	-16777216
3780	-16777216
3783	-16777216
3782	-16777216
3785	-16777216
3784	-16777216
3787	-16777216
3786	-16777216
3789	-16777216
3788	-16777216
3791	-16777216
3790	-16777216
3766	-16777216
3767	-16777216
3764	-16777216
3765	-16777216
3762	-16777216
3763	-16777216
3760	-16777216
3761	-16777216
3774	-16777216
3775	-16777216
3772	-16777216
3773	-16777216
3770	-16777216
3771	-16777216
3768	-16777216
3769	-16777216
3751	-16777216
3750	-16777216
3749	-16777216
3748	-16777216
3747	-16777216
3746	-16777216
3745	-16777216
3744	-16777216
3759	-16777216
3758	-16777216
3757	-16777216
3756	-16777216
3755	-16777216
3754	-16777216
3753	-16777216
3752	-16777216
3732	-16777216
3733	-16777216
3734	-16777216
3735	-16777216
3728	-16777216
3729	-16777216
3730	-16777216
3731	-16777216
3740	-16777216
3741	-16777216
3742	-16777216
3743	-16777216
3736	-16777216
3737	-16777216
3738	-16777216
3739	-16777216
3717	-16777216
3716	-16777216
3719	-16777216
3718	-16777216
3713	-16777216
3712	-16777216
3715	-16777216
3714	-16777216
3725	-16777216
3724	-16777216
3727	-16777216
3726	-16777216
3721	-16777216
3720	-16777216
3723	-16777216
3722	-16777216
3707	-16777216
3706	-16777216
3705	-16777216
3704	-16777216
3711	-16777216
3710	-16777216
3709	-16777216
3708	-16777216
3699	-16777216
3698	-16777216
3697	-16777216
3696	-16777216
3703	-16777216
3702	-16777216
3701	-16777216
3700	-16777216
3690	-16777216
3691	-16777216
3688	-16777216
3689	-16777216
3694	-16777216
3695	-16777216
3692	-16777216
3693	-16777216
3682	-16777216
3683	-16777216
3680	-16777216
3681	-16777216
3686	-16777216
3687	-16777216
3684	-16777216
3685	-16777216
3673	-16777216
3672	-16777216
3675	-16777216
3674	-16777216
3677	-16777216
3676	-16777216
3679	-16777216
3678	-16777216
3665	-16777216
3664	-16777216
3667	-16777216
3666	-16777216
3669	-16777216
3668	-16777216
3671	-16777216
3670	-16777216
3656	-16777216
3657	-16777216
3658	-16777216
3659	-16777216
3660	-16777216
3661	-16777216
3662	-16777216
3663	-16777216
3648	-16777216
3649	-16777216
3650	-16777216
3651	-16777216
3652	-16777216
3653	-16777216
3654	-16777216
3655	-16777216
3647	-16777216
3646	-16777216
3645	-16777216
3644	-16777216
3643	-16777216
3642	-16777216
3641	-16777216
3640	-16777216
3639	-16777216
3638	-16777216
3637	-16777216
3636	-16777216
3635	-16777216
3634	-16777216
3633	-16777216
3632	-16777216
3630	-16777216
3631	-16777216
3628	-16777216
3629	-16777216
3626	-16777216
3627	-16777216
3624	-16777216
3625	-16777216
3622	-16777216
3623	-16777216
3620	-16777216
3621	-16777216
3618	-16777216
3619	-16777216
3616	-16777216
3617	-16777216
3613	-16777216
3612	-16777216
3615	-16777216
3614	-16777216
3609	-16777216
3608	-16777216
3611	-16777216
3610	-16777216
3605	-16777216
3604	-16777216
3607	-16777216
3606	-16777216
3601	-16777216
3600	-16777216
3603	-16777216
3602	-16777216
3596	-16777216
3597	-16777216
3598	-16777216
3599	-16777216
3592	-16777216
3593	-16777216
3594	-16777216
3595	-16777216
3588	-16777216
3589	-16777216
3590	-16777216
3591	-16777216
3584	-16777216
3585	-16777216
3586	-16777216
3587	-16777216
4065	-16777216
4064	-16777216
4067	-16777216
4066	-16777216
4069	-16777216
4068	-16777216
4071	-16777216
4070	-16777216
4073	-16777216
4072	-16777216
4075	-16777216
4074	-16777216
4077	-16777216
4076	-16777216
4079	-16777216
4078	-16777216
4080	-16777216
4081	-16777216
4082	-16777216
4083	-16777216
4084	-16777216
4085	-16777216
4086	-16777216
4087	-16777216
4088	-16777216
4089	-16777216
4090	-16777216
4091	-16777216
4092	-16777216
4093	-16777216
4094	-16777216
4095	-16777216
4035	-16777216
4034	-16777216
4033	-16777216
4032	-16777216
4039	-16777216
4038	-16777216
4037	-16777216
4036	-16777216
4043	-16777216
4042	-16777216
4041	-16777216
4040	-16777216
4047	-16777216
4046	-16777216
4045	-16777216
4044	-16777216
4050	-16777216
4051	-16777216
4048	-16777216
4049	-16777216
4054	-16777216
4055	-16777216
4052	-16777216
4053	-16777216
4058	-16777216
4059	-16777216
4056	-16777216
4057	-16777216
4062	-16777216
4063	-16777216
4060	-16777216
4061	-16777216
4005	-16777216
4004	-16777216
4007	-16777216
4006	-16777216
4001	-16777216
4000	-16777216
4003	-16777216
4002	-16777216
4013	-16777216
4012	-16777216
4015	-16777216
4014	-16777216
4009	-16777216
4008	-16777216
4011	-16777216
4010	-16777216
4020	-16777216
4021	-16777216
4022	-16777216
4023	-16777216
4016	-16777216
4017	-16777216
4018	-16777216
4019	-16777216
4028	-16777216
4029	-16777216
4030	-16777216
4031	-16777216
4024	-16777216
4025	-16777216
4026	-16777216
4027	-16777216
3975	-16777216
3974	-16777216
3973	-16777216
3972	-16777216
3971	-16777216
3970	-16777216
3969	-16777216
3968	-16777216
3983	-16777216
3982	-16777216
3981	-16777216
3980	-16777216
3979	-16777216
3978	-16777216
3977	-16777216
3976	-16777216
3990	-16777216
3991	-16777216
3988	-16777216
3989	-16777216
3986	-16777216
3987	-16777216
3984	-16777216
3985	-16777216
3998	-16777216
3999	-16777216
3996	-16777216
3997	-16777216
3994	-16777216
3995	-16777216
3992	-16777216
3993	-16777216
3944	-16777216
3945	-16777216
3946	-16777216
3947	-16777216
3948	-16777216
3949	-16777216
3950	-16777216
3951	-16777216
3936	-16777216
3937	-16777216
3938	-16777216
3939	-16777216
3940	-16777216
3941	-16777216
3942	-16777216
3943	-16777216
3961	-16777216
3960	-16777216
3963	-16777216
3962	-16777216
3965	-16777216
3964	-16777216
3967	-16777216
3966	-16777216
3953	-16777216
3952	-16777216
3955	-16777216
3954	-16777216
3957	-16777216
3956	-16777216
3959	-16777216
3958	-16777216
3914	-16777216
3915	-16777216
3912	-16777216
3913	-16777216
3918	-16777216
3919	-16777216
3916	-16777216
3917	-16777216
3906	-16777216
3907	-16777216
3904	-16777216
3905	-16777216
3910	-16777216
3911	-16777216
3908	-16777216
3909	-16777216
3931	-16777216
3930	-16777216
3929	-16777216
3928	-16777216
3935	-16777216
3934	-16777216
3933	-16777216
3932	-16777216
3923	-16777216
3922	-16777216
3921	-16777216
3920	-16777216
3927	-16777216
3926	-16777216
3925	-16777216
3924	-16777216
3884	-16777216
3885	-16777216
3886	-16777216
3887	-16777216
3880	-16777216
3881	-16777216
3882	-16777216
3883	-16777216
3876	-16777216
3877	-16777216
3878	-16777216
3879	-16777216
3872	-16777216
3873	-16777216
3874	-16777216
3875	-16777216
3901	-16777216
3900	-16777216
3903	-16777216
3902	-16777216
3897	-16777216
3896	-16777216
3899	-16777216
3898	-16777216
3893	-16777216
3892	-16777216
3895	-16777216
3894	-16777216
3889	-16777216
3888	-16777216
3891	-16777216
3890	-16777216
3854	-16777216
3855	-16777216
3852	-16777216
3853	-16777216
3850	-16777216
3851	-16777216
3848	-256
3849	-16777216
3846	-256
3847	-256
3844	-65536
3845	-65536
3842	-16776961
3843	-65536
3840	-16776961
3841	-16776961
3871	-16777216
3870	-16777216
3869	-16777216
3868	-16777216
3867	-16777216
3866	-16777216
3865	-16777216
3864	-16777216
3863	-16777216
3862	-16777216
3861	-16777216
3860	-16777216
3859	-16777216
3858	-16777216
3857	-16777216
3856	-16777216
